u.asc
ncols        183
nrows        115
xllcorner    7.673561311000
yllcorner    52.313321253262
cellsize     0.000012170815
NODATA_value  -3.4028234663852885981e+38
[rows 68 to 84 of 115, columns 38 to 75 of 183]
-0.14060753583908081055 -0.014153584837913513184 -0.014153584837913513184 0.084210440516471862793 0.19469647109508514404 0.16653503477573394775 0.13948541879653930664 -0.20171265304088592529 -0.20171265304088592529 0.25504037737846374512 -0.20661792159080505371 -0.26229277253150939941 -0.037473555654287338257 0.25616100430488586426 0.25616100430488586426 0.27816933393478393555 -0.10262978076934814453 -0.20193557441234588623 0.26062935590744018555 0.25574091076850891113 0.25574091076850891113 -0.25472202897071838379 0.22505427896976470947 -0.080875262618064880371 0.065215244889259338379 -0.25864908099174499512 -0.25864908099174499512 -0.04965809360146522522 -0.012611414305865764618 -0.033878631889820098877 -0.23367778956890106201 -0.15102669596672058105 -0.15102669596672058105 0.20571294426918029785 0.21740901470184326172 0.21595284342765808105 -0.24886040389537811279 0.2051690220832824707
0.2010110020637512207 0.18455475568771362305 0.18455475568771362305 0.17638662457466125488 0.19429388642311096191 -0.20862028002738952637 0.13781861960887908936 -0.26627787947654724121 -0.26627787947654724121 -0.32520192861557006836 -0.17471581697463989258 -0.22699174284934997559 -0.030481470748782157898 -0.17416971921920776367 -0.17416971921920776367 -0.25771400332450866699 0.020707741379737854004 0.26227346062660217285 -0.096530541777610778809 0.26837700605392456055 0.26837700605392456055 -0.10571231693029403687 -0.2001638561487197876 0.02579969353973865509 -0.15687549114227294922 -0.0062300572171807289124 -0.0062300572171807289124 -0.19839926064014434814 -0.24945299327373504639 0.002359974198043346405 0.22509814798831939697 -0.21944816410541534424 -0.21944816410541534424 0.058400988578796386719 0.22231121361255645752 0.2494580000638961792 -0.10597664117813110352 0.11467429250478744507
0.20684596896171569824 -0.12639041244983673096 -0.12639041244983673096 0.19546703994274139404 -0.24916961789131164551 -0.21541127562522888184 -0.27009192109107971191 0.17300714552402496338 0.17300714552402496338 0.27316269278526306152 -0.30358412861824035645 -0.085630141198635101318 0.29009255766868591309 -0.057553108781576156616 -0.057553108781576156616 0.23721055686473846436 -0.11031582951545715332 0.2376775890588760376 0.0017356083262711763382 0.24330306053161621094 0.24330306053161621094 0.27004995942115783691 -0.13252136111259460449 0.2518641352653503418 0.20786170661449432373 -0.22646953165531158447 -0.22646953165531158447 -0.06686471402645111084 -0.27744463086128234863 -0.27417230606079101563 -0.20879122614860534668 0.21489807963371276855 0.21489807963371276855 -0.15306393802165985107 -0.058549735695123672485 -0.23589023947715759277 0.033469613641500473022 0.033469613641500473022
-0.020126357674598693848 -0.22267314791679382324 -0.22267314791679382324 -0.077771559357643127441 0.019411824643611907959 -0.18183790147304534912 0.071739166975021362305 -0.032318707555532455444 -0.032318707555532455444 0.25369751453399658203 -0.140428200364112854 -0.20347729325294494629 0.25888407230377197266 0.26499283313751220703 0.26499283313751220703 0.015814367681741714478 -0.12801888585090637207 0.24425990879535675049 -0.091461718082427978516 -0.22021043300628662109 -0.22021043300628662109 -0.15568648278713226318 0.0059910193085670471191 0.22955070436000823975 -0.17419740557670593262 -0.26218551397323608398 -0.26218551397323608398 0.072220623493194580078 -0.088204249739646911621 -0.25775155425071716309 -0.20814867317676544189 -0.20814867317676544189 -0.05224062502384185791 -0.27671349048614501953 -0.25136762857437133789 -0.17955116927623748779 0.18425291776657104492 0.18425291776657104492
0.19270502030849456787 0.20585778355598449707 0.20585778355598449707 0.22691518068313598633 -0.2317021787166595459 -0.19842521846294403076 0.22905129194259643555 0.2902005314826965332 0.2902005314826965332 0.22131873667240142822 0.051197458058595657349 0.041958823800086975098 0.25874090194702148438 0.16724602878093719482 0.16724602878093719482 0.22657598555088043213 -0.19827677309513092041 0.061730064451694488525 -0.23191137611865997314 0.078207641839981079102 0.078207641839981079102 -0.24416251480579376221 0.25629732012748718262 -0.044632360339164733887 0.16326187551021575928 0.16326187551021575928 -0.061224974691867828369 -0.14569266140460968018 0.30716142058372497559 -0.15738138556480407715 -0.25694626569747924805 -0.25694626569747924805 0.20779021084308624268 -0.05161345750093460083 -0.26384067535400390625 0.066801004111766815186 -0.1708224862813949585 -0.1708224862813949585
-0.23670902848243713379 -0.18734717369079589844 -0.18734717369079589844 -0.075459837913513183594 -0.031323391944169998169 -0.078234493732452392578 -0.19867785274982452393 0.24033088982105255127 0.24033088982105255127 -0.14146883785724639893 0.073563240468502044678 0.23517657816410064697 -0.22097960114479064941 -0.22097960114479064941 0.040215324610471725464 0.045481290668249130249 -0.23301698267459869385 0.095492646098136901855 -0.2447045445442199707 -0.11948085576295852661 0.15182770788669586182 -0.23465505242347717285 0.19871357083320617676 0.092485323548316955566 -0.25059676170349121094 -0.25059676170349121094 -0.24223791062831878662 0.26458194851875305176 0.019216632470488548279 0.22597214579582214355 0.25751334428787231445 0.25751334428787231445 -0.09078451991081237793 -0.045993238687515258789 -0.16636900603771209717 -0.082290232181549072266 -0.07618036121129989624 -0.07618036121129989624
-0.16344089806079864502 -0.17971718311309814453 -0.17971718311309814453 -0.14026686549186706543 0.081901520490646362305 0.12489690631628036499 -0.14761912822723388672 -0.14761912822723388672 0.20411856472492218018 0.20562666654586791992 -0.207311972975730896 0.22245898842811584473 0.19652679562568664551 0.19652679562568664551 0.16706575453281402588 -0.19678755104541778564 -0.13403673470020294189 -0.23300525546073913574 0.19228564202785491943 0.19228564202785491943 -0.14089538156986236572 -0.14897678792476654053 0.20156642794609069824 0.24616983532905578613 -0.10292608290910720825 -0.10292608290910720825 -0.13671135902404785156 -0.15549370646476745605 0.2517586052417755127 0.094341464340686798096 -0.054119024425745010376 -0.054119024425745010376 -0.15795116126537322998 -0.17720326781272888184 0.19431930780410766602 0.26494392752647399902 0.24068781733512878418 0.24068781733512878418
0.11896913498640060425 0.11896913498640060425 0.075550593435764312744 -0.030288483947515487671 -0.045465175062417984009 0.0038813515566289424896 0.10591271519660949707 0.10591271519660949707 -0.11187401413917541504 0.16056112945079803467 0.032818563282489776611 -0.19046209752559661865 0.10397133976221084595 0.10397133976221084595 -0.20960874855518341064 0.17144545912742614746 -0.22876434028148651123 0.18188579380512237549 -0.12070164084434509277 -0.12070164084434509277 -0.014486173167824745178 -0.2362626492977142334 0.17261658608913421631 -0.19993399083614349365 -0.17922237515449523926 -0.17922237515449523926 0.065729729831218719482 -0.19994598627090454102 0.18937800824642181396 0.23955713212490081787 0.063136875629425048828 0.063136875629425048828 0.07540181279182434082 0.22955523431301116943 -0.26606714725494384766 -0.22883428633213043213 0.054165180772542953491 0.19565339386463165283
-0.17488940060138702393 -0.17488940060138702393 0.18731835484504699707 0.11673701554536819458 -0.11453268676996231079 0.098571121692657470703 -0.09554500877857208252 -0.09554500877857208252 0.12106586992740631104 0.17874151468276977539 0.057464145123958587646 0.026892520487308502197 -0.15285912156105041504 -0.15285912156105041504 -0.11694463342428207397 -0.12813107669353485107 -0.0025599258951842784882 0.18039539456367492676 -0.19507558643817901611 -0.19507558643817901611 -0.021768778562545776367 -0.090237855911254882813 0.14369352161884307861 0.11689339578151702881 0.22942246496677398682 0.22942246496677398682 -0.23091973364353179932 0.2500908970832824707 0.17483918368816375732 -0.17098195850849151611 0.1822926253080368042 0.1822926253080368042 -0.2470490187406539917 0.25038123130798339844 -0.18937925994396209717 0.044685054570436477661 0.26584026217460632324 0.26584026217460632324
0.10792307555675506592 0.10792307555675506592 0.10235466808080673218 0.15879392623901367188 0.16476830840110778809 0.062474556267261505127 0.17053605616092681885 0.17053605616092681885 0.13597314059734344482 -0.057522434741258621216 -0.05265173688530921936 0.10375832021236419678 0.078614011406898498535 0.078614011406898498535 -0.11051296442747116089 0.17609608173370361328 -0.15633501112461090088 0.18465146422386169434 0.033847704529762268066 0.033847704529762268066 -0.19494543969631195068 0.14024400711059570313 0.16837389767169952393 -0.012193063274025917053 -0.072904929518699645996 -0.072904929518699645996 -0.21616272628307342529 0.210668221116065979 -0.057215638458728790283 -0.2649199366569519043 0.22219765186309814453 0.22219765186309814453 -0.077543787658214569092 -0.20710492134094238281 -0.014438484795391559601 -0.071060493588447570801 -0.071060493588447570801 0.25986713171005249023
0.078256368637084960938 0.078256368637084960938 0.15418241918087005615 -0.1159915924072265625 0.096163973212242126465 0.078614197671413421631 0.16049811244010925293 0.16049811244010925293 -0.052350163459777832031 0.17226210236549377441 0.083337187767028808594 -0.043370056897401809692 0.039381269365549087524 0.039381269365549087524 -0.14024548232555389404 0.044097773730754852295 0.050379700958728790283 0.15343661606311798096 -0.18620452284812927246 -0.18620452284812927246 0.080036647617816925049 -0.17646579444408416748 -0.16530884802341461182 -0.14260399341583251953 -0.024801112711429595947 -0.024801112711429595947 0.15963877737522125244 -0.079416818916797637939 -0.057677432894706726074 0.16967186331748962402 0.16967186331748962402 0.21442079544067382813 -0.24615040421485900879 -0.23055192828178405762 0.23909528553485870361 0.12041463702917098999 0.12041463702917098999 -0.26457610726356506348
-0.13568235933780670166 -0.13568235933780670166 -0.0044252066873013973236 -0.0089105674996972084045 -0.089122831821441650391 -0.15113911032676696777 0.17584562301635742188 0.17584562301635742188 -0.033521346747875213623 -0.16984488070011138916 0.015231342986226081848 0.15197776257991790771 0.1506471484899520874 0.1506471484899520874 -0.0043547898530960083008 0.17360384762287139893 -0.092438071966171264648 -0.098119221627712249756 -0.098119221627712249756 -0.072792068123817443848 0.16844514012336730957 0.1282259523868560791 0.074850469827651977539 -0.15883862972259521484 -0.15883862972259521484 -0.1192684471607208252 -0.18415555357933044434 0.10781040042638778687 0.117539234459400177 -0.20344072580337524414 -0.20344072580337524414 0.064315922558307647705 -0.23700442910194396973 -0.16851636767387390137 -0.18194109201431274414 0.17754694819450378418 0.17754694819450378418 0.023234451189637184143
-0.047100342810153961182 -0.047100342810153961182 -0.15846247971057891846 -0.0096120471134781837463 -0.11727279424667358398 0.16407182812690734863 0.027883579954504966736 0.027883579954504966736 0.016427731141448020935 -0.13465902209281921387 0.14069630205631256104 -0.15362001955509185791 -0.15362001955509185791 0.069956995546817779541 0.15753334760665893555 -0.032747481018304824829 0.17396244406700134277 0.124715462327003479 0.124715462327003479 0.021530782803893089294 -0.15629665553569793701 0.093172922730445861816 -0.17695541679859161377 -0.014469986781477928162 -0.014469986781477928162 -0.17450411617755889893 -0.13383926451206207275 0.18767437338829040527 -0.20697928965091705322 -0.092202797532081604004 -0.092202797532081604004 -0.16751676797866821289 -0.21026293933391571045 -0.079853042960166931152 -0.09749679267406463623 -0.18571490049362182617 -0.18571490049362182617 0.15303502976894378662
-0.064830116927623748779 0.16176238656044006348 -0.15397520363330841064 -0.11048646271228790283 0.029886586591601371765 0.14500242471694946289 0.14500242471694946289 -0.14045415818691253662 0.12536828219890594482 -0.13991981744766235352 -0.11000355333089828491 -0.1355985105037689209 -0.1355985105037689209 0.1431500166654586792 0.10338327288627624512 -0.12382020056247711182 0.08941901475191116333 0.11275041848421096802 0.11275041848421096802 0.098321460187435150146 0.085053756833076477051 0.13926577568054199219 0.0038348478265106678009 -0.13904656469821929932 -0.13904656469821929932 0.1524737626314163208 0.034304548054933547974 -0.016536923125386238098 -0.10179095715284347534 -0.19177386164665222168 -0.19177386164665222168 -0.16166466474533081055 -0.022855732589960098267 -0.13853913545608520508 0.16705220937728881836 0.064502492547035217285 0.064502492547035217285 0.096759825944900512695
0.077907234430313110352 0.15296080708503723145 -0.054436068981885910034 0.038960020989179611206 -0.16403152048587799072 -0.053531538695096969604 -0.053531538695096969604 0.043660037219524383545 0.012716500088572502136 0.11290367692708969116 0.12417601048946380615 0.085093140602111816406 0.085093140602111816406 -0.095274470746517181396 -0.14071798324584960938 -0.10572715848684310913 0.07469578087329864502 0.14001511037349700928 0.14001511037349700928 0.11749546229839324951 0.17428427934646606445 0.053560629487037658691 0.024072358384728431702 0.090879306197166442871 0.090879306197166442871 -0.13838748633861541748 -0.17558176815509796143 0.08568277209997177124 -0.068987935781478881836 -0.1924101412296295166 -0.1924101412296295166 -0.18060733377933502197 0.050855100154876708984 0.095228828489780426025 -0.087424293160438537598 0.092784695327281951904 0.092784695327281951904 -0.13629695773124694824
0.088351480662822723389 0.13694620132446289063 0.12462220340967178345 0.16229073703289031982 0.037039618939161300659 -0.15203447639942169189 -0.15203447639942169189 0.15234625339508056641 0.16312368214130401611 -0.1158794015645980835 -0.1450716555118560791 -0.15907928347587585449 -0.15907928347587585449 0.0008756535826250910759 -0.075400844216346740723 0.15339799225330352783 -0.072296179831027984619 0.041811045259237289429 0.041811045259237289429 -0.13406001031398773193 0.11452856659889221191 -0.16443367302417755127 -0.017672881484031677246 0.13970510661602020264 0.13970510661602020264 0.082365401089191436768 -0.038232736289501190186 0.16006430983543395996 -0.18315961956977844238 -0.012542912736535072327 -0.012542912736535072327 -0.15297965705394744873 0.15143145620822906494 -0.16595095396041870117 -0.097272574901580810547 -0.026178538799285888672 -0.026178538799285888672 0.15072321891784667969
-0.0606402568519115448 -0.16667130589485168457 -0.042110864073038101196 0.12424211204051971436 -0.0018653932493180036545 -0.0095626544207334518433 -0.0095626544207334518433 0.083127789199352264404 -0.079339452087879180908 -0.12961184978485107422 -0.14605279266834259033 -0.035516481846570968628 -0.035516481846570968628 -0.1375693976879119873 0.097182452678680419922 -0.038349494338035583496 0.14961431920528411865 0.16335336863994598389 0.16335336863994598389 0.12726065516471862793 0.15708567202091217041 -0.14618541300296783447 0.13765689730644226074 -0.14224481582641601563 -0.14224481582641601563 -0.089234560728073120117 -0.1694987863302230835 -0.13372364640235900879 0.13669046759605407715 -0.13838621973991394043 -0.13838621973991394043 -0.15050892531871795654 0.07810964435338973999 0.14436218142509460449 -0.085523456335067749023 -0.085523456335067749023 0.040187496691942214966 -0.15756043791770935059
