u.asc
ncols        183
nrows        115
xllcorner    7.673561311000
yllcorner    52.313321253262
cellsize     0.000012170815
NODATA_value  -3.4028234663852885981e+38
[rows 0 to 16 of 115, columns 38 to 75 of 183]
-3.4028234663852885981e+38 -3.4028234663852885981e+38 -3.4028234663852885981e+38 -3.4028234663852885981e+38 -3.4028234663852885981e+38 -3.4028234663852885981e+38 -3.4028234663852885981e+38 -3.4028234663852885981e+38 -3.4028234663852885981e+38 -3.4028234663852885981e+38 -3.4028234663852885981e+38 -3.4028234663852885981e+38 -3.4028234663852885981e+38 -3.4028234663852885981e+38 -3.4028234663852885981e+38 -3.4028234663852885981e+38 -3.4028234663852885981e+38 -3.4028234663852885981e+38 -3.4028234663852885981e+38 -3.4028234663852885981e+38 -3.4028234663852885981e+38 -3.4028234663852885981e+38 -3.4028234663852885981e+38 -3.4028234663852885981e+38 -3.4028234663852885981e+38 -3.4028234663852885981e+38 -3.4028234663852885981e+38 -3.4028234663852885981e+38 -3.4028234663852885981e+38 -3.4028234663852885981e+38 -3.4028234663852885981e+38 -3.4028234663852885981e+38 -3.4028234663852885981e+38 -3.4028234663852885981e+38 -3.4028234663852885981e+38 -3.4028234663852885981e+38 -3.4028234663852885981e+38 -3.4028234663852885981e+38
-3.4028234663852885981e+38 -3.4028234663852885981e+38 -3.4028234663852885981e+38 -3.4028234663852885981e+38 -3.4028234663852885981e+38 -3.4028234663852885981e+38 -3.4028234663852885981e+38 -3.4028234663852885981e+38 -0.17953424155712127686 -0.20813323557376861572 -0.19007569551467895508 -0.13426902890205383301 -0.13426902890205383301 -0.056474968791007995605 0.026023380458354949951 0.098945282399654388428 0.15357933938503265381 0.18730877339839935303 0.18730877339839935303 0.2024533003568649292 0.20435215532779693604 0.19937644898891448975 0.19338643550872802734 0.19068202376365661621 0.19068202376365661621 0.19317407906055450439 0.19925710558891296387 0.20194494724273681641 0.18666969239711761475 0.131936684250831604 0.131936684250831604 0.021286642178893089294 -0.12314616143703460693 -0.20056632161140441895 -0.07952610403299331665 0.16024181246757507324 0.16024181246757507324 0.1268301159143447876
0.14883163571357727051 0.20574268698692321777 0.1971483081579208374 0.12781713902950286865 0.021113947033882141113 -0.089801371097564697266 -0.089801371097564697266 -0.17310889065265655518 -0.20775887370109558105 -0.1883131861686706543 -0.12427920103073120117 -0.03503349795937538147 -0.03503349795937538147 0.057197198271751403809 0.13379053771495819092 0.18364585936069488525 0.20414997637271881104 0.19957250356674194336 0.19957250356674194336 0.17820908129215240479 0.14946450293064117432 0.1217441856861114502 0.10150679200887680054 0.093220673501491546631 0.093220673501491546631 0.099679172039031982422 0.12173038721084594727 0.15618641674518585205 0.19064654409885406494 0.19633188843727111816 0.19633188843727111816 0.12936927378177642822 -0.031020736321806907654 -0.18788380920886993408 -0.10792329907417297363 0.17188510298728942871 0.17188510298728942871 0.029320785775780677795
0.18886810541152954102 0.2082335352897644043 0.1571842581033706665 0.054706599563360214233 -0.064018823206424713135 -0.1605828404426574707 -0.1605828404426574707 -0.20629020035266876221 -0.19048111140727996826 -0.121823139488697052 -0.023092780262231826782 0.077718123793601989746 0.077718123793601989746 0.15645009279251098633 0.19878655672073364258 0.20204378664493560791 0.17311197519302368164 0.12419389933347702026 0.12419389933347702026 0.068335920572280883789 0.01616703718900680542 -0.025449289008975028992 -0.053092651069164276123 -0.065294042229652404785 -0.065294042229652404785 -0.060620281845331192017 -0.17844346165657043457 -0.15300628542900085449 -0.095112875103950500488 0.010215006768703460693 0.010215006768703460693 0.1426617354154586792 0.1891505122184753418 -0.0010863478528335690498 -0.19222341477870941162 0.13748614490032196045 0.13748614490032196045 -0.10496626049280166626
0.20859038829803466797 0.18489216268062591553 0.094637826085090637207 -0.10817025601863861084 -0.19146765768527984619 -0.20287524163722991943 -0.20287524163722991943 -0.14091281592845916748 -0.030745765194296836853 0.08740866929292678833 0.17429295182228088379 0.20512126386165618896 0.20512126386165618896 0.175859108567237854 0.10105713456869125366 0.0056541981175541877747 -0.084999524056911468506 -0.15289387106895446777 -0.15289387106895446777 -0.19071312248706817627 -0.20094086229801177979 -0.1923249363899230957 -0.1757853776216506958 -0.16131088137626647949 -0.16131088137626647949 -0.15622951090335845947 -0.16408631205558776855 -0.18224103748798370361 -0.19579085707664489746 -0.19579085707664489746 -0.16890999674797058105 -0.052632741630077362061 0.13496901094913482666 0.15982845425605773926 -0.14350737631320953369 -0.14350737631320953369 0.023642810061573982239 -0.049168054014444351196
0.17663834989070892334 0.07077528536319732666 -0.063774876296520233154 -0.17093254625797271729 -0.20740933716297149658 -0.16026237607002258301 -0.16026237607002258301 -0.050725769251585006714 0.076497390866279602051 0.1727968752384185791 0.20490027964115142822 0.16582222282886505127 0.16582222282886505127 0.074075318872928619385 -0.036778792738914489746 -0.13235796988010406494 -0.1892223060131072998 -0.20006173849105834961 -0.20006173849105834961 -0.17203314602375030518 -0.12063369154930114746 -0.062739737331867218018 -0.011666399426758289337 -0.011666399426758289337 0.024510426446795463562 0.041769091039896011353 0.037229560315608978271 0.0066292677074670791626 -0.054540444165468215942 -0.054540444165468215942 -0.13832090795040130615 -0.19196312129497528076 -0.10014472156763076782 0.14245140552520751953 0.078154042363166809082 0.078154042363166809082 -0.16541402041912078857 0.14014968276023864746
0.12676306068897247314 -0.0064105512574315071106 -0.13598349690437316895 -0.20427705347537994385 -0.18200050294399261475 -0.080639712512493133545 -0.080639712512493133545 0.054137878119945526123 0.16422402858734130859 0.20494188368320465088 0.16302536427974700928 0.16302536427974700928 0.059289019554853439331 -0.063504129648208618164 -0.16024522483348846436 -0.20107784867286682129 -0.1797409355640411377 -0.1797409355640411377 -0.11107324063777923584 -0.021005373448133468628 0.065104313194751739502 0.18970152735710144043 0.15344184637069702148 0.15344184637069702148 0.10480645298957824707 0.061138778924942016602 0.034337982535362243652 0.031794495880603790283 0.058655958622694015503 0.058655958622694015503 0.11496242135763168335 0.17659017443656921387 0.15941856801509857178 -0.034380905330181121826 -0.17407459020614624023 -0.17407459020614624023 0.14060381054878234863 -0.1001067236065864563
-0.013964938931167125702 -0.14913284778594970703 -0.2070369422435760498 -0.15781004726886749268 -0.027372069656848907471 -0.027372069656848907471 0.11629556119441986084 0.19920170307159423828 0.1800066530704498291 0.070485420525074005127 -0.072523757815361022949 -0.072523757815361022949 -0.17807769775390625 -0.19723758101463317871 -0.12520042061805725098 0.00055273779435083270073 0.12235742807388305664 0.12235742807388305664 0.19104807078838348389 0.1860491335391998291 0.11874613910913467407 0.020865237340331077576 -0.073360368609428405762 -0.073360368609428405762 -0.14138311147689819336 -0.17745262384414672852 -0.189112052321434021 -0.18925662338733673096 -0.18773134052753448486 -0.18773134052753448486 -0.18295881152153015137 -0.15197765827178955078 -0.050122927874326705933 0.12119431048631668091 0.14764818549156188965 0.14764818549156188965 -0.13503918051719665527 0.032315663993358612061
-0.087167747318744659424 -0.19271647930145263672 -0.19134166836738586426 -0.083429917693138122559 0.070689275860786437988 0.070689275860786437988 0.18442580103874206543 0.19414851069450378418 0.095297314226627349854 -0.055693823844194412231 -0.17438738048076629639 -0.17438738048076629639 -0.19641111791133880615 -0.11235675215721130371 0.029758779332041740417 0.15386267006397247314 0.19805903732776641846 0.19805903732776641846 0.14531908929347991943 0.027122460305690765381 -0.098412141203880310059 -0.17846952378749847412 -0.18909487128257751465 -0.18909487128257751465 -0.13967445492744445801 -0.060224156826734542847 0.017603918910026550293 0.07393325120210647583 0.10260346531867980957 0.10260346531867980957 0.10352741926908493042 0.071756452322006225586 -0.0054103317670524120331 -0.11938866227865219116 -0.16815418004989624023 -0.16815418004989624023 0.0024391922634094953537 0.15476144850254058838
-0.14909699559211730957 -0.20672141015529632568 -0.14128406345844268799 0.008871510624885559082 0.15324795246124267578 0.15324795246124267578 0.20376716554164886475 0.12936696410179138184 -0.024031830951571464539 -0.16165307164192199707 -0.19889736175537109375 -0.19889736175537109375 -0.11389357596635818481 0.039761342108249664307 0.16755793988704681396 0.1930554807186126709 -0.088050797581672668457 -0.088050797581672668457 -0.18945354223251342773 -0.15655755996704101563 -0.013509475626051425934 0.1373058706521987915 0.18876987695693969727 0.18876987695693969727 0.10666555166244506836 -0.046853501349687576294 -0.16360607743263244629 -0.17335449159145355225 -0.08936074376106262207 -0.08936074376106262207 0.021089708432555198669 0.10202667117118835449 0.14151881635189056396 0.15556916594505310059 0.15955467522144317627 0.15955467522144317627 0.10425804555416107178 -0.13915768265724182129
-0.20639282464981079102 -0.13876552879810333252 0.024195235222578048706 0.17029333114624023438 0.19567699730396270752 0.19567699730396270752 0.0804022178053855896 -0.093256235122680664063 -0.197641029953956604 -0.15390889346599578857 0.0062538506463170051575 0.0062538506463170051575 0.16100829839706420898 0.18995152413845062256 0.068960063159465789795 -0.10678269714117050171 -0.19469879567623138428 -0.19469879567623138428 -0.11999666690826416016 0.05709040910005569458 0.1835018545389175415 0.1421540379524230957 -0.034415248781442642212 -0.034415248781442642212 -0.17641489207744598389 -0.13357047736644744873 0.05489964410662651062 0.17837418615818023682 0.094462461769580841064 0.094462461769580841064 -0.090511113405227661133 -0.1701488494873046875 -0.094583071768283843994 0.047317467629909515381 0.047317467629909515381 0.15208518505096435547 -0.11359174549579620361 -0.036737069487571716309
-0.1928628087043762207 -0.066473387181758880615 0.109107188880443573 0.20285433530807495117 0.14131750166416168213 0.14131750166416168213 -0.030396848917007446289 -0.17785045504570007324 -0.18140085041522979736 -0.035686530172824859619 0.13966216146945953369 0.13966216146945953369 0.19528520107269287109 0.08035313338041305542 -0.10614448785781860352 -0.19501474499702453613 -0.099322788417339324951 -0.099322788417339324951 0.093874260783195495605 0.19113294780254364014 0.082038290798664093018 -0.12203994393348693848 -0.17545473575592041016 -0.17545473575592041016 0.0088105089962482452393 0.17977024614810943604 0.050705917179584503174 -0.16924300789833068848 -0.16924300789833068848 -0.0362455025315284729 0.1702610403299331665 -0.031964909285306930542 -0.14835207164287567139 0.080874003469944000244 0.080874003469944000244 -0.10458950698375701904 -0.058244016021490097046 0.090208627283573150635
-0.15190964937210083008 0.017127377912402153015 0.17297390103340148926 0.18914690613746643066 0.048939671367406845093 0.048939671367406845093 -0.13269306719303131104 -0.19972258806228637695 -0.090363942086696624756 0.10054953396320343018 0.19828020036220550537 0.14506873488426208496 -0.05057718232274055481 -0.19126500189304351807 -0.11641786247491836548 0.095398895442485809326 0.095398895442485809326 0.1894302070140838623 0.035088587552309036255 -0.16884645819664001465 -0.11415641754865646362 0.13358840346336364746 0.13358840346336364746 0.12294121086597442627 -0.15425790846347808838 -0.021536134183406829834 0.14363491535186767578 -0.16904246807098388672 -0.16904246807098388672 0.16226960718631744385 -0.086836129426956176758 -0.13786929845809936523 -0.070848539471626281738 0.057375155389308929443 0.057375155389308929443 -0.11363906413316726685 0.021817348897457122803 -0.10374970734119415283
-0.013753759674727916718 0.16198289394378662109 0.19095812737941741943 0.041440274566411972046 -0.14819659292697906494 -0.14819659292697906494 -0.19145275652408599854 -0.039798889309167861938 0.15364247560501098633 0.18090756237506866455 0.18090756237506866455 0.0060679605230689048767 -0.17569339275360107422 -0.14616939425468444824 0.06667086482048034668 0.19156748056411743164 0.19156748056411743164 0.04950626567006111145 -0.1659812629222869873 -0.11369618028402328491 0.13870315253734588623 0.1133920624852180481 0.1133920624852180481 -0.16277755796909332275 0.0003226434637326747179 0.12533865869045257568 -0.15641908347606658936 0.12622730433940887451 0.12622730433940887451 0.053118947893381118774 -0.057503595948219299316 0.12568882107734680176 0.032910030335187911987 0.017044410109519958496 0.017044410109519958496 -0.097704499959945678711 0.054486207664012908936 -0.034371737390756607056
0.063473366200923919678 0.19791428744792938232 0.14004240930080413818 -0.058610171079635620117 -0.058610171079635620117 -0.19692714512348175049 -0.12495922297239303589 0.084922567009925842285 0.19801701605319976807 0.077527888119220733643 0.077527888119220733643 -0.13762523233890533447 -0.17764733731746673584 0.017759930342435836792 0.18805873394012451172 0.082694113254547119141 0.082694113254547119141 -0.15072642266750335693 -0.13137753307819366455 0.12530562281608581543 0.12738636136054992676 -0.15296338498592376709 -0.15296338498592376709 -0.028048146516084671021 0.15120454132556915283 -0.1722170412540435791 0.16400966048240661621 -0.033477652817964553833 -0.033477652817964553833 -0.11492367088794708252 -0.0072508105076849460602 -0.0098909782245755195618 -0.050582606345415115356 0.044752299785614013672 0.044752299785614013672 0.010520767420530319214 0.063330270349979400635 -0.088296085596084594727
0.13116973638534545898 0.19922122359275817871 0.05981912463903427124 -0.14439618587493896484 -0.14439618587493896484 -0.18800714612007141113 0.10121885687112808228 0.19419151544570922852 0.026715997606515884399 -0.17759720981121063232 -0.17759720981121063232 -0.1231362074613571167 0.11794577538967132568 0.16988891363143920898 -0.062969923019409179688 -0.18170350790023803711 -0.18170350790023803711 0.044105168431997299194 0.17563727498054504395 -0.081982836127281188965 -0.12983708083629608154 0.16669140756130218506 0.16669140756130218506 -0.062098532915115356445 -0.025545351207256317139 0.020344654098153114319 0.118096962571144104 0.039382733404636383057 0.039382733404636383057 0.0097445873543620109558 0.14098462462425231934 0.018173458054661750793 0.10866941511631011963 0.041308593004941940308 0.041308593004941940308 0.045608107000589370728 -0.016795162111520767212 -0.09356368333101272583
0.20153687894344329834 0.10261397063732147217 -0.11893374472856521606 -0.19347673654556274414 -0.19347673654556274414 -0.018878426402807235718 0.18093569576740264893 0.1283276975154876709 -0.1103136017918586731 -0.18110714852809906006 -0.18110714852809906006 0.034503702074289321899 0.19145815074443817139 0.014874658547341823578 -0.18661142885684967041 -0.023980695754289627075 -0.023980695754289627075 0.18425586819648742676 -0.020124509930610656738 -0.16711753606796264648 0.12567663192749023438 0.0354193858802318573 0.0354193858802318573 -0.14067350327968597412 0.16512341797351837158 -0.15802200138568878174 0.056026920676231384277 0.12468793988227844238 0.12468793988227844238 -0.12817041575908660889 0.0023251143284142017365 -0.10440616309642791748 -0.086044616997241973877 -0.066918849945068359375 -0.066918849945068359375 -0.099004104733467102051 -0.042539961636066436768 0.0035871560685336589813
