u.asc
ncols        183
nrows        115
xllcorner    7.673561311000
yllcorner    52.313321253262
cellsize     0.000012170815
NODATA_value  -3.4028234663852885981e+38
[rows 0 to 16 of 115, columns 76 to 113 of 183]
-3.4028234663852885981e+38 -3.4028234663852885981e+38 -3.4028234663852885981e+38 -3.4028234663852885981e+38 -3.4028234663852885981e+38 -3.4028234663852885981e+38 -3.4028234663852885981e+38 -3.4028234663852885981e+38 -3.4028234663852885981e+38 -3.4028234663852885981e+38 -3.4028234663852885981e+38 -3.4028234663852885981e+38 -3.4028234663852885981e+38 -3.4028234663852885981e+38 -3.4028234663852885981e+38 -3.4028234663852885981e+38 -3.4028234663852885981e+38 -3.4028234663852885981e+38 -3.4028234663852885981e+38 -3.4028234663852885981e+38 -3.4028234663852885981e+38 -3.4028234663852885981e+38 -3.4028234663852885981e+38 -3.4028234663852885981e+38 -3.4028234663852885981e+38 -3.4028234663852885981e+38 -3.4028234663852885981e+38 -3.4028234663852885981e+38 -3.4028234663852885981e+38 -3.4028234663852885981e+38 -3.4028234663852885981e+38 -3.4028234663852885981e+38 -3.4028234663852885981e+38 -3.4028234663852885981e+38 -3.4028234663852885981e+38 -3.4028234663852885981e+38 -3.4028234663852885981e+38 -3.4028234663852885981e+38
-0.16795946657657623291 -0.088560089468955993652 0.16425526142120361328 0.20173500478267669678 0.20173500478267669678 0.14378376305103302002 -0.20320332050323486328 0.1719195246696472168 0.15775820612907409668 -0.023563893511891365051 -0.023563893511891365051 0.10134567320346832275 -0.028471725061535835266 -0.21326693892478942871 -0.20406334102153778076 -0.20406334102153778076 -0.19910277426242828369 -0.10034395754337310791 0.15781027078628540039 -0.079376868903636932373 0.15583795309066772461 0.15583795309066772461 -0.12557008862495422363 0.23032368719577789307 -0.21335618197917938232 0.19978080689907073975 -0.063266508281230926514 -0.063266508281230926514 0.068726085126399993896 0.15863217413425445557 -0.041451118886470794678 -0.073339447379112243652 0.030022829771041870117 0.030022829771041870117 0.11712546646595001221 -0.14981210231781005859 0.0047466941177845001221 0.12001551687717437744
-0.16839650273323059082 0.1977736353874206543 -0.13044437766075134277 -0.18502271175384521484 -0.18502271175384521484 -0.033358328044414520264 0.081713184714317321777 -0.19548167288303375244 -0.10550670325756072998 -0.10550670325756072998 0.10178132355213165283 0.1456546485424041748 0.22409743070602416992 0.18416249752044677734 0.14664079248905181885 0.14664079248905181885 0.089869804680347442627 0.21138116717338562012 0.16934677958488464355 0.085418790578842163086 -0.21332831680774688721 -0.21332831680774688721 0.10831207036972045898 0.18255598843097686768 0.1784404069185256958 0.013505751267075538635 -0.0037122454959899187088 -0.0037122454959899187088 0.039075314998626708984 0.10685735940933227539 -0.13939799368381500244 0.081557385623455047607 -0.062101684510707855225 -0.062101684510707855225 0.15671356022357940674 -0.1613658219575881958 0.041261281818151473999 -0.001614399254322052002
0.18998757004737854004 0.1384258568286895752 0.042567495256662368774 0.042567495256662368774 0.15754355490207672119 -0.15072190761566162109 -0.13718374073505401611 0.14818044006824493408 -0.1758521348237991333 -0.1758521348237991333 -0.033152356743812561035 -0.1377200782299041748 -0.087133318185806274414 0.07964334636926651001 0.25107723474502563477 0.25107723474502563477 -0.19206218421459197998 -0.030647829174995422363 -0.19180743396282196045 -0.23145179450511932373 0.090620845556259155273 0.090620845556259155273 0.093593627214431762695 -0.083261087536811828613 0.093801699578762054443 0.0089601771906018257141 -0.082772113382816314697 -0.082772113382816314697 -0.069197937846183776855 0.17150661349296569824 -0.012805240228772163391 -0.13100007176399230957 0.045053221285343170166 0.045053221285343170166 -0.1516440659761428833 -0.057083118706941604614 0.16741088032722473145 0.053820740431547164917
0.18320195376873016357 0.055849362164735794067 -0.060775220394134521484 -0.060775220394134521484 0.075697951018810272217 0.14120753109455108643 0.17322570085525512695 0.085894294083118438721 -0.18209430575370788574 -0.18209430575370788574 -0.21760293841361999512 0.22461901605129241943 -0.13775715231895446777 -0.035767525434494018555 0.050883054733276367188 0.050883054733276367188 -0.048678405582904815674 -0.10865763574838638306 -0.23450680077075958252 0.22830298542976379395 -0.037449918687343597412 -0.037449918687343597412 0.20663340389728546143 -0.1510648876428604126 0.22307369112968444824 -0.2079045027494430542 0.16690969467163085938 0.16690969467163085938 0.1751756519079208374 0.14715658128261566162 0.02977322600781917572 -0.041339632123708724976 0.10152044147253036499 0.10152044147253036499 -0.08188829571008682251 0.15348796546459197998 0.16528916358947753906 0.084868565201759338379
0.13030722737312316895 0.16114346683025360107 -0.12708579003810882568 -0.12708579003810882568 -0.14530444145202636719 -0.060609892010688781738 -0.027684902772307395935 -0.15003105998039245605 0.091182529926300048828 0.091182529926300048828 -0.15205122530460357666 -0.054537367075681686401 -0.12882868945598602295 0.04112181439995765686 0.20291237533092498779 0.20291237533092498779 0.25517514348030090332 0.22769996523857116699 0.12970219552516937256 0.17692556977272033691 0.22657285630702972412 0.22657285630702972412 0.189073905348777771 0.18992911279201507568 -0.10894991457462310791 0.20296901464462280273 -0.057276032865047454834 -0.057276032865047454834 0.18371298909187316895 -0.11625552922487258911 0.15782089531421661377 0.05009989812970161438 0.12091657519340515137 0.12091657519340515137 -0.13861538469791412354 0.096605569124221801758 -0.11233496665954589844 0.030263563618063926697
0.13834929466247558594 -0.15242218971252441406 0.098795518279075622559 0.098795518279075622559 0.080031573772430419922 -0.076017491519451141357 -0.060598116368055343628 0.15708619356155395508 0.067375890910625457764 0.067375890910625457764 0.25850969552993774414 0.21855472028255462646 0.23035067319869995117 0.24537223577499389648 0.23163659870624542236 0.23163659870624542236 -0.035063479095697402954 0.18186493217945098877 -0.21824803948402404785 0.095748417079448699951 0.15423157811164855957 0.15423157811164855957 -0.2314939647912979126 0.17795293033123016357 0.22050714492797851563 0.12459688633680343628 -0.19227938354015350342 -0.19227938354015350342 -0.18432067334651947021 0.028777280822396278381 -0.048940382897853851318 0.017075177282094955444 0.017075177282094955444 0.085714720189571380615 0.15739598870277404785 0.0021108353976160287857 0.15398865938186645508 0.14077970385551452637
-0.004866926930844783783 -0.034221313893795013428 -0.13618390262126922607 -0.13618390262126922607 -0.028085121884942054749 0.12907706201076507568 -0.1594371497631072998 -0.18735653162002563477 -0.21921409666538238525 -0.21921409666538238525 0.1569287031888961792 0.053779043257236480713 0.21936443448066711426 -0.023918200284242630005 0.27149462699890136719 0.27149462699890136719 -0.12767654657363891602 -0.24424839019775390625 -0.043071616441011428833 -0.025653911754488945007 0.15519103407859802246 0.15519103407859802246 -0.14013771712779998779 -0.19192034006118774414 -0.16145333647727966309 0.21192918717861175537 0.21192918717861175537 -0.13653196394443511963 0.14243555068969726563 0.037961844354867935181 0.08086264878511428833 0.074082389473915100098 0.074082389473915100098 -0.1128476560115814209 -0.14069147408008575439 -0.16507428884506225586 -0.16633252799510955811 0.15571223199367523193
-0.143644675612449646 0.13270051777362823486 0.094591878354549407959 0.094591878354549407959 0.10841346532106399536 -0.060818154364824295044 -0.086519643664360046387 -0.11755842715501785278 0.18234692513942718506 0.18234692513942718506 0.20248433947563171387 0.19012980163097381592 -0.25899320840835571289 -0.21859039366245269775 -0.21859039366245269775 0.14654393494129180908 -0.24416568875312805176 0.14935959875583648682 -0.19243165850639343262 0.040010269731283187866 0.040010269731283187866 -0.19651336967945098877 0.20752024650573730469 -0.020090835168957710266 0.036435421556234359741 0.15891303122043609619 0.15891303122043609619 -0.077374100685119628906 -0.078613489866256713867 0.17699149250984191895 0.091008648276329040527 -0.13254585862159729004 -0.13254585862159729004 0.030269093811511993408 0.10868437588214874268 0.13221649825572967529 0.038692194968461990356 -0.15378810465335845947
-0.10930062830448150635 0.036245986819267272949 -0.11870991438627243042 -0.11870991438627243042 -0.12842535972595214844 0.063312061131000518799 -0.14318493008613586426 0.12906032800674438477 0.12906032800674438477 -0.0064695049077272415161 -0.15785486996173858643 0.25008738040924072266 0.085307456552982330322 -0.25382101535797119141 -0.25382101535797119141 0.042480599135160446167 -0.24599082767963409424 -0.22812546789646148682 -0.21720857918262481689 -0.0064277420751750469208 -0.0064277420751750469208 -0.22341246902942657471 0.22025400400161743164 0.071293771266937255859 -0.01630551554262638092 -0.22495560348033905029 -0.22495560348033905029 -0.049277260899543762207 -0.075454987585544586182 0.046357404440641403198 -0.15715293586254119873 0.11781755834817886353 0.11781755834817886353 -0.15721793472766876221 0.095968313515186309814 0.086383089423179626465 -0.14052481949329376221 0.096169017255306243896
-0.0034396469127386808395 0.084861382842063903809 0.084861382842063903809 0.069765925407409667969 0.062457077205181121826 0.021800648421049118042 -0.013942955061793327332 -0.11416440457105636597 -0.11416440457105636597 0.23020322620868682861 -0.17728845775127410889 0.23872782289981842041 0.22738178074359893799 0.16942684352397918701 0.16942684352397918701 0.22139889001846313477 -0.26449590921401977539 0.15390148758888244629 -0.22496706247329711914 0.23071964085102081299 0.21972727775573730469 -0.23198764026165008545 -0.22744415700435638428 -0.045306742191314697266 -0.23415696620941162109 -0.20711587369441986084 -0.20711587369441986084 -0.13805401325225830078 0.14086058735847473145 -0.13975879549980163574 0.011351600289344787598 -0.1080858185887336731 -0.1080858185887336731 -0.14922991394996643066 -0.14312022924423217773 0.050125814974308013916 0.15840522944927215576 0.17284071445465087891
0.031888972967863082886 0.043803971260786056519 0.043803971260786056519 -0.086447939276695251465 -0.076637454330921173096 -0.011858703568577766418 0.12786661088466644287 0.15100432932376861572 0.15100432932376861572 -0.115949288010597229 -0.096777342259883880615 0.23363795876502990723 -0.22091676294803619385 0.26999813318252563477 0.26999813318252563477 -0.16420514881610870361 -0.21962615847587585449 -0.2247269749641418457 0.11027171462774276733 0.22145725786685943604 0.22145725786685943604 -0.18654556572437286377 0.22980439662933349609 0.14541889727115631104 -0.16615371406078338623 -0.072031632065773010254 -0.072031632065773010254 -0.209268227219581604 0.088199183344841003418 -0.08377094566822052002 0.15632039308547973633 0.16977560520172119141 0.16977560520172119141 -0.11156446486711502075 0.15679167211055755615 0.048695314675569534302 0.0952207222580909729 0.079238027334213256836
-0.094421073794364929199 -0.056848499923944473267 -0.056848499923944473267 -0.1051418110728263855 -0.046552732586860656738 -0.051633253693580627441 0.13254645466804504395 -0.005785997491329908371 -0.005785997491329908371 -0.15810318291187286377 0.095164977014064788818 -0.12625817954540252686 -0.10239520668983459473 0.029122903943061828613 0.029122903943061828613 0.31011301279067993164 0.25789889693260192871 -0.04658951982855796814 0.16501285135746002197 -0.14952088892459869385 -0.14952088892459869385 0.21319954097270965576 -0.22870716452598571777 -0.04386487230658531189 -0.18914204835891723633 -0.1557677537202835083 -0.1557677537202835083 0.18983158469200134277 0.069091014564037322998 -0.13803605735301971436 -0.14806608855724334717 -0.14911068975925445557 -0.14911068975925445557 -0.026969797909259796143 0.0014259965391829609871 0.14474366605281829834 0.12910819053649902344 0.12910819053649902344
0.10645715892314910889 -0.025233842432498931885 -0.025233842432498931885 -0.068880118429660797119 -0.064178034663200378418 -0.10448902100324630737 -0.11017977446317672729 0.025779163464903831482 0.025779163464903831482 -0.061268828809261322021 -0.050736412405967712402 0.24718956649303436279 0.17074327170848846436 0.23300838470458984375 0.23300838470458984375 -0.25810828804969787598 -0.15700328350067138672 -0.25537353754043579102 0.16905078291893005371 -0.23569892346858978271 -0.23569892346858978271 -0.11638379842042922974 0.19843664765357971191 -0.23240992426872253418 0.121457710862159729 0.22903881967067718506 0.22903881967067718506 0.24560429155826568604 0.14380846917629241943 -0.061599791049957275391 -0.062140651047229766846 -0.062140651047229766846 -0.028341656550765037537 -0.072524957358837127686 0.063551887869834899902 -0.067951664328575134277 -0.026767317205667495728 -0.026767317205667495728
0.10420703887939453125 -0.019358126446604728699 -0.019358126446604728699 -0.022506482899188995361 0.032451909035444259644 -0.017696762457489967346 0.035105273127555847168 -0.015919046476483345032 -0.015919046476483345032 -0.052005439996719360352 -0.1938638538122177124 0.23589132726192474365 -0.19060064852237701416 0.10250446200370788574 0.10250446200370788574 -0.0013405925128608942032 -0.051093291491270065308 -0.12000200897455215454 -0.10457403212785720825 -0.10457403212785720825 0.22972410917282104492 0.11287225782871246338 -0.23392796516418457031 -0.024822033941745758057 0.19884011149406433105 0.19884011149406433105 -0.15313369035720825195 0.12232360243797302246 -0.14181229472160339355 0.18204247951507568359 -0.11813814938068389893 -0.11813814938068389893 -0.12438800185918807983 0.031254608184099197388 -0.16266751289367675781 0.14553697407245635986 -0.054936997592449188232 -0.054936997592449188232
0.094834506511688232422 0.10351931303739547729 0.10351931303739547729 0.095623649656772613525 0.11010478436946868896 -0.11793084442615509033 0.13495710492134094238 -0.15316492319107055664 -0.15316492319107055664 0.18444399535655975342 0.1660397946834564209 -0.11081631481647491455 -0.23960040509700775146 -0.23960040509700775146 -0.16378793120384216309 -0.18360559642314910889 0.086477078497409820557 0.23648437857627868652 -0.22821748256683349609 -0.22821748256683349609 -0.0032845104578882455826 0.13361577689647674561 -0.071754470467567443848 0.18265549838542938232 0.019957467913627624512 0.019957467913627624512 -0.057067748159170150757 0.047305244952440261841 -0.066504120826721191406 0.18496236205101013184 0.1058301776647567749 0.1058301776647567749 0.082851432263851165771 0.010157981887459754944 -0.17329937219619750977 0.10609076172113418579 0.0073463674634695053101 0.0073463674634695053101
0.018088387325406074524 0.018088387325406074524 0.084666304290294647217 -0.028335934504866600037 -0.051995728164911270142 0.12295578420162200928 -0.055881697684526443481 -0.055881697684526443481 -0.13039150834083557129 0.17488022148609161377 0.17232361435890197754 0.17309351265430450439 0.23803888261318206787 0.23803888261318206787 -0.090699940919876098633 -0.21516752243041992188 0.16562288999557495117 -0.030810428783297538757 -0.24241989850997924805 -0.24241989850997924805 -0.26252609491348266602 -0.11364624649286270142 0.21050353348255157471 0.20289883017539978027 -0.16923290491104125977 -0.16923290491104125977 0.20850782096385955811 -0.23995453119277954102 0.12665133178234100342 0.093493297696113586426 -0.15396782755851745605 -0.15396782755851745605 -0.042773079127073287964 0.1701634526252746582 -0.13916799426078796387 0.1629152446985244751 0.12862341105937957764 0.12862341105937957764
