u.asc
ncols        183
nrows        115
xllcorner    7.673561311000
yllcorner    52.313321253262
cellsize     0.000012170815
NODATA_value  -3.4028234663852885981e+38
[rows 17 to 33 of 115, columns 114 to 151 of 183]
-0.17320115864276885986 -0.18420866131782531738 -0.037191562354564666748 0.00070157612208276987076 0.061108496040105819702 0.061108496040105819702 0.027186956256628036499 0.13054126501083374023 0.065450623631477355957 0.16122904419898986816 -0.046089135110378265381 -0.046089135110378265381 0.015522788278758525848 -0.13742737472057342529 0.11071199178695678711 -0.12831354141235351563 -0.12831354141235351563 -0.17427144944667816162 -0.18181295692920684814 0.03829417005181312561 -0.068507172167301177979 0.17693382501602172852 0.17693382501602172852 0.12880951166152954102 0.083631277084350585938 0.2338425368070602417 0.14804548025131225586 0.013703597709536552429 0.013703597709536552429 0.11280907690525054932 0.037609837949275970459 -0.13616116344928741455 0.21431377530097961426 0.075478725135326385498 0.075478725135326385498 0.21232999861240386963 -0.0055152047425508499146 -0.15246509015560150146
0.15961694717407226563 0.10187052935361862183 -0.15252493321895599365 0.17498220503330230713 0.17498220503330230713 0.020125618204474449158 -0.12931622564792633057 -0.056151203811168670654 -0.033316522836685180664 -0.071198642253875732422 -0.071198642253875732422 0.15003000199794769287 -0.073614239692687988281 -0.026685563847422599792 -0.092517703771591186523 -0.07759415358304977417 -0.07759415358304977417 -0.09516029059886932373 0.10582243651151657104 0.11849714815616607666 -0.15970915555953979492 -0.12693050503730773926 -0.12693050503730773926 0.039797347038984298706 0.032965600490570068359 -0.20110611617565155029 0.1813341677188873291 0.0037832916714251041412 0.0037832916714251041412 -0.15302471816539764404 0.036722466349601745605 0.083381116390228271484 0.012464847415685653687 0.022510640323162078857 0.022510640323162078857 0.16259461641311645508 -0.10374701768159866333 0.10304052382707595825
0.14549754559993743896 0.16323161125183105469 0.14711773395538330078 -0.13024599850177764893 -0.13024599850177764893 0.097910299897193908691 -0.087562508881092071533 0.064724244177341461182 -0.08931522071361541748 0.10297582298517227173 0.10297582298517227173 -0.0058671860024333000183 -0.15831404924392700195 -0.020407522097229957581 0.17851671576499938965 0.2014922797679901123 0.2014922797679901123 -0.01615611836314201355 0.17697808146476745605 0.18352779746055603027 0.2115268409252166748 -0.10071850568056106567 -0.10071850568056106567 -0.054707232862710952759 -0.19533656537532806396 0.19901299476623535156 0.018771713599562644958 0.035806253552436828613 0.035806253552436828613 0.14794708788394927979 0.14826430380344390869 -0.02239935658872127533 -0.22007191181182861328 -0.14384162425994873047 -0.14384162425994873047 0.070162564516067504883 -0.042554274201393127441 0.048430085182189941406
-0.048240173608064651489 -0.11300404369831085205 0.13714928925037384033 0.11003553122282028198 0.11003553122282028198 0.070366866886615753174 -0.07144606858491897583 -0.0016525540268048644066 0.15133753418922424316 -0.11061630398035049438 -0.11061630398035049438 -0.17479239404201507568 -0.11391205340623855591 0.2118959575891494751 0.10278566926717758179 -0.0077821966260671615601 -0.0077821966260671615601 -0.23329268395900726318 0.26145669817924499512 -0.24788257479667663574 0.12779508531093597412 -0.021908268332481384277 -0.021908268332481384277 -0.2167349010705947876 -0.24715752899646759033 -0.059337273240089416504 0.14057138562202453613 0.23665058612823486328 0.23665058612823486328 -0.21366937458515167236 0.15693221986293792725 -0.19912409782409667969 0.11089687049388885498 0.065933950245380401611 0.065933950245380401611 -0.0086210500448942184448 -0.12922169268131256104 0.13650615513324737549
0.011520162224769592285 -0.13102176785469055176 0.038552403450012207031 -0.1465444713830947876 -0.1465444713830947876 -0.021353362128138542175 -0.11912556737661361694 -0.12940846383571624756 -0.15783548355102539063 -0.17057086527347564697 -0.17057086527347564697 -0.18197745084762573242 -0.051495954394340515137 -0.24619533121585845947 -0.15085621178150177002 0.11061246693134307861 0.11061246693134307861 0.30321288108825683594 0.34437584877014160156 0.28173324465751647949 0.26689794659614562988 0.24889662861824035645 0.24889662861824035645 -0.0081539880484342575073 0.15843765437602996826 -0.059003960341215133667 -0.043131969869136810303 0.18442004919052124023 0.18442004919052124023 0.16503497958183288574 -0.2085132598876953125 -0.18544401228427886963 0.11712043732404708862 0.049402836710214614868 0.049402836710214614868 -0.017665769904851913452 0.13670483231544494629 -0.0593756847083568573
-0.16596211493015289307 0.12438581138849258423 0.04841675981879234314 0.15834295749664306641 0.15834295749664306641 -0.14949350059032440186 -0.13852968811988830566 0.17257754504680633545 -0.16066899895668029785 0.12314331531524658203 0.12314331531524658203 -0.18874502182006835938 -0.089072100818157196045 -0.25209778547286987305 0.27819782495498657227 -0.2921784520149230957 -0.2921784520149230957 -0.25728049874305725098 0.068006053566932678223 0.32266786694526672363 0.039793662726879119873 0.24309228360652923584 0.24309228360652923584 -0.076850809156894683838 -0.1879695206880569458 0.049564797431230545044 0.17706528306007385254 0.17706528306007385254 -0.0064945043995976448059 -0.084398046135902404785 0.17427290976047515869 -0.1562360227108001709 0.13548272848129272461 0.13548272848129272461 -0.16124545037746429443 0.12700134515762329102 -0.027766060084104537964 -0.013412287458777427673
-0.073004044592380523682 -0.13138617575168609619 -0.039872299879789352417 -0.12109777331352233887 -0.069605529308319091797 0.1086209416389465332 -0.06525109708309173584 -0.069805428385734558105 -0.036896869540214538574 0.13463631272315979004 0.13463631272315979004 -0.10926016420125961304 0.20545665919780731201 0.041732031852006912231 -0.25032258033752441406 0.46491977572441101074 0.46491977572441101074 0.32185050845146179199 -0.01081140618771314621 -0.31921872496604919434 -0.22450457513332366943 -0.22450457513332366943 -0.0081748422235250473022 0.20370154082775115967 0.18845571577548980713 -0.18434353172779083252 0.20408211648464202881 0.20408211648464202881 -0.071942508220672607422 -0.1777162402868270874 -0.10874418914318084717 -0.1592156141996383667 -0.14149317145347595215 -0.14149317145347595215 -0.05585331842303276062 0.15115383267402648926 -0.12230117619037628174 0.13901925086975097656
-0.099403530359268188477 -0.10824497789144515991 -0.00086158065823838114738 -0.12352898716926574707 -0.12352898716926574707 -0.16278761625289916992 0.043297126889228820801 0.0048100370913743972778 -0.17841355502605438232 0.0573845691978931427 0.0573845691978931427 -0.058591924607753753662 -0.057817630469799041748 -0.29630205035209655762 -0.21666100621223449707 -0.21666100621223449707 -0.25327560305595397949 -0.32357305288314819336 -0.28627002239227294922 0.22033601999282836914 -0.0888063088059425354 -0.0888063088059425354 0.20043583214282989502 -0.15028089284896850586 0.19561690092086791992 0.031700778752565383911 0.12201645970344543457 0.12201645970344543457 -0.16035991907119750977 -0.13332910835742950439 0.16063228249549865723 0.0089491009712219238281 -0.10231186449527740479 -0.10231186449527740479 0.10328470170497894287 -0.10534317046403884888 -0.0020878131035715341568 0.043754115700721740723
0.18148531019687652588 -0.12476591020822525024 -0.0088413767516613006592 -0.0088413767516613006592 -0.11151351034641265869 0.097465120255947113037 -0.093065135180950164795 0.19555027782917022705 -0.21150599420070648193 -0.21150599420070648193 -0.046794876456260681152 -0.21992774307727813721 0.24775448441505432129 0.34097391366958618164 -0.13845148682594299316 -0.13845148682594299316 -0.13355386257171630859 -0.27454212307929992676 -0.19170665740966796875 -0.25446933507919311523 -0.13515724241733551025 -0.13515724241733551025 0.19393672049045562744 -0.038699235767126083374 0.15684331953525543213 0.014531768858432769775 -0.14792318642139434814 -0.14792318642139434814 -0.075155027210712432861 -0.14652872085571289063 0.019640890881419181824 -0.10055279731750488281 0.082320958375930786133 0.082320958375930786133 -0.1508191227912902832 -0.051151312887668609619 -0.017558082938194274902 -0.13168618083000183105
-0.030960930511355400085 0.15664680302143096924 0.07391236722469329834 0.07391236722469329834 -0.14745405316352844238 0.19068886339664459229 -0.069175325334072113037 0.053552381694316864014 0.17494046688079833984 0.17494046688079833984 0.070697098970413208008 0.10063463449478149414 0.050693031400442123413 -0.25788250565528869629 -0.085541486740112304688 -0.085541486740112304688 -0.16965943574905395508 -0.24747467041015625 -0.2388963848352432251 -0.23935051262378692627 -0.22746016085147857666 -0.22746016085147857666 -0.14975722134113311768 0.17218978703022003174 -0.12108168751001358032 -0.1691363602876663208 -0.10871661454439163208 -0.10871661454439163208 -0.069388717412948608398 -0.029812023043632507324 0.10755964368581771851 0.077947221696376800537 0.061046589165925979614 0.061046589165925979614 -0.15645524859428405762 -0.12485434859991073608 0.003784819040447473526 -0.098313711583614349365
0.20296011865139007568 0.077228978276252746582 0.19866932928562164307 0.19866932928562164307 0.053830586373805999756 0.12746803462505340576 -0.10226084291934967041 0.23133155703544616699 -0.21325799822807312012 -0.21325799822807312012 -0.1988674849271774292 0.1497176438570022583 -0.24458527565002441406 -0.22750775516033172607 0.24251347780227661133 0.24251347780227661133 0.23246201872825622559 0.21162980794906616211 0.12532052397727966309 -0.2208941727876663208 0.13123106956481933594 0.13123106956481933594 -0.0012830172199755907059 0.16174858808517456055 0.12475444376468658447 0.15508680045604705811 0.027915844693779945374 0.027915844693779945374 0.01485391613095998764 -0.094546549022197723389 0.14854946732521057129 0.08112300187349319458 -0.13068179786205291748 -0.13068179786205291748 0.13609622418880462646 -0.042449910193681716919 0.01665681786835193634 0.17402625083923339844
0.16499918699264526367 -0.066779680550098419189 0.046712696552276611328 0.046712696552276611328 -0.17716476321220397949 0.23772116005420684814 -0.010924399830400943756 0.24422587454319000244 -0.23008930683135986328 -0.23008930683135986328 -0.048011451959609985352 -0.24151329696178436279 0.24372997879981994629 -0.11594606935977935791 -0.20277909934520721436 -0.20277909934520721436 0.11894857138395309448 0.25889900326728820801 -0.020022954791784286499 0.15202762186527252197 -0.139606475830078125 -0.139606475830078125 -0.16896171867847442627 0.08661330491304397583 0.15525352954864501953 -0.18620263040065765381 -0.098801754415035247803 -0.098801754415035247803 0.058019254356622695923 -0.10719882696866989136 0.15020762383937835693 -0.15722644329071044922 0.025913260877132415771 0.025913260877132415771 0.15700162947177886963 -0.00088551791850477457047 -0.17001749575138092041 0.1747410893440246582
-0.20215187966823577881 0.067859537899494171143 0.078973487019538879395 0.078973487019538879395 -0.049362994730472564697 -0.020779892802238464355 -0.22199769318103790283 0.059611700475215911865 0.26606994867324829102 0.26606994867324829102 0.23974050581455230713 -0.26844233274459838867 -0.12501421570777893066 -0.21281696856021881104 -0.045773450285196304321 -0.045773450285196304321 -0.10617204010486602783 0.0056051523424685001373 -0.19705483317375183105 -0.12918706238269805908 0.17808181047439575195 0.17808181047439575195 -0.17928840219974517822 -0.13556024432182312012 0.052030920982360839844 -0.17987515032291412354 -0.17987515032291412354 0.056570876389741897583 -0.15542297065258026123 0.15787643194198608398 0.019724637269973754883 -0.084537960588932037354 -0.084537960588932037354 -0.12891599535942077637 0.13426437973976135254 -0.1443703770637512207 -0.15318952500820159912 -0.026250222697854042053
0.12951172888278961182 0.24739314615726470947 0.28169402480125427246 0.28169402480125427246 0.34047225117683410645 -0.096284091472625732422 -0.0095557924360036849976 0.17354567348957061768 -0.27388784289360046387 -0.27388784289360046387 -0.26350820064544677734 0.24166230857372283936 -0.23188179731369018555 -0.21559335291385650635 0.20898164808750152588 0.20898164808750152588 0.045308127999305725098 0.1093732491135597229 -0.14915288984775543213 -0.098085395991802215576 -0.098085395991802215576 0.045200046151876449585 -0.061683896929025650024 0.17553052306175231934 -0.1402797400951385498 -0.043088752776384353638 -0.043088752776384353638 0.099546492099761962891 0.12824778258800506592 0.083269901573657989502 -0.0030384410638362169266 0.10996498167514801025 0.10996498167514801025 0.15766313672065734863 -0.015406217426061630249 0.16360794007778167725 0.086268499493598937988 0.0067217303439974784851
0.12201350182294845581 0.033158075064420700073 0.26890888810157775879 0.26890888810157775879 -0.030677508562803268433 -0.36018335819244384766 -0.1212930530309677124 0.29616886377334594727 0.29616886377334594727 -0.31118378043174743652 0.28034141659736633301 -0.10267722606658935547 -0.17424015700817108154 0.20583306252956390381 0.20583306252956390381 0.080558493733406066895 -0.053522601723670959473 -0.076964259147644042969 -0.17206165194511413574 0.15677718818187713623 0.15677718818187713623 0.1675252765417098999 -0.1030265316367149353 0.11316560208797454834 -0.16946084797382354736 0.16698566079139709473 0.16698566079139709473 0.16537499427795410156 -0.15724100172519683838 0.099364161491394042969 -0.10335968434810638428 0.12876103818416595459 0.12876103818416595459 0.15465575456619262695 0.13654898107051849365 -0.038339532911777496338 -0.05606660991907119751 0.046105798333883285522
0.019653368741273880005 -0.045649558305740356445 -0.045649558305740356445 0.27978473901748657227 -0.18752773106098175049 0.26596653461456298828 -0.22665642201900482178 0.23626402020454406738 0.23626402020454406738 0.18146657943725585938 0.031598649919033050537 -0.21427290141582489014 0.021791525185108184814 0.1979344785213470459 0.1979344785213470459 -0.1894156336784362793 0.1242949366569519043 -0.11668622493743896484 0.1488564908504486084 -0.14138630032539367676 -0.14138630032539367676 -0.049540933221578598022 -0.015099639073014259338 -0.022592613473534584045 -0.092963442206382751465 0.040918279439210891724 0.040918279439210891724 -0.051713157445192337036 -0.14767032861709594727 0.098241582512855529785 0.14821851253509521484 -0.13395428657531738281 -0.13395428657531738281 0.059315532445907592773 -0.059761542826890945435 0.022430038079619407654 0.16217267513275146484 0.048761397600173950195
-0.058803878724575042725 -0.19516552984714508057 -0.19516552984714508057 0.27993056178092956543 -0.28292936086654663086 -0.26769143342971801758 -0.29290655255317687988 -0.19915795326232910156 -0.19915795326232910156 0.13671083748340606689 -0.028728829696774482727 0.19183772802352905273 -0.16357700526714324951 0.015169792808592319489 0.015169792808592319489 0.17345924675464630127 -0.13926501572132110596 0.11550063639879226685 -0.027208913117647171021 -0.043043162673711776733 -0.043043162673711776733 -0.13922326266765594482 -0.17267237603664398193 -0.15526555478572845459 0.1735658496618270874 0.086970657110214233398 0.086970657110214233398 -0.040733709931373596191 0.15918865799903869629 0.080577023327350616455 0.070795722305774688721 -0.1654809415340423584 -0.1654809415340423584 0.15956714749336242676 -0.10141898691654205322 0.16328762471675872803 -0.15458762645721435547 0.10213055461645126343
