v.asc
ncols        183
nrows        115
xllcorner    7.673561311000
yllcorner    52.313321253262
cellsize     0.000012170815
NODATA_value  -3.4028234663852885981e+38
[rows 68 to 84 of 115, columns 0 to 37 of 183]
-3.4028234663852885981e+38 -3.4028234663852885981e+38 -0.15439616143703460693 -0.15239043533802032471 -0.14980003237724304199 -0.14980003237724304199 -0.14643247425556182861 -0.14215937256813049316 -0.13722947239875793457 -0.13272577524185180664 -0.13003620505332946777 -0.13003620505332946777 -0.12864980101585388184 -0.13863709568977355957 -0.14600650966167449951 -0.15116746723651885986 -0.15853486955165863037 -0.15853486955165863037 -0.16579319536685943604 -0.13872089982032775879 -0.1579316556453704834 -0.060919091105461120605 -0.12676802277565002441 -0.12676802277565002441 -0.1406227797269821167 -0.13418830931186676025 0.08049513399600982666 0.016951277852058410645 0.10875473916530609131 0.10875473916530609131 -0.11978339403867721558 -0.17829963564872741699 -0.18238486349582672119 0.019650209695100784302 0.019650209695100784302 -0.18456771969795227051 -0.041541725397109985352 -0.18786297738552093506
-3.4028234663852885981e+38 -3.4028234663852885981e+38 -0.15096409618854522705 -0.14841161668300628662 -0.14490954577922821045 -0.14490954577922821045 -0.13989582657814025879 -0.13250355422496795654 -0.12199667096138000488 -0.11038075387477874756 -0.10374017804861068726 -0.10374017804861068726 -0.097433768212795257568 -0.11031412333250045776 -0.12613677978515625 -0.11108971387147903442 -0.13391606509685516357 -0.13391606509685516357 -0.06309016793966293335 -0.085944466292858123779 -0.034866206347942352295 -0.10215141624212265015 -0.084525540471076965332 -0.084525540471076965332 -0.11218747496604919434 -0.11532621085643768311 -0.12040635943412780762 -0.08772458881139755249 -0.08772458881139755249 -0.12622068822383880615 -0.1298999786376953125 -0.13780598342418670654 -0.096293382346630096436 0.083673484623432159424 0.083673484623432159424 0.075604118406772613525 0.074080780148506164551 -0.1130471155047416687
-3.4028234663852885981e+38 -3.4028234663852885981e+38 -0.14499361813068389893 -0.14190395176410675049 -0.13746221363544464111 -0.13746221363544464111 -0.13032619655132293701 -0.11641725152730941772 -0.078701220452785491943 0.080278024077415466309 0.075036831200122833252 0.075036831200122833252 0.0041180187836289405823 -0.0050236876122653484344 0.015647180378437042236 0.0062546888366341590881 -0.005542731843888759613 -0.005542731843888759613 0.13330578804016113281 0.047078508883714675903 0.10953734815120697021 -0.093708842992782592773 -0.093708842992782592773 -0.022669127210974693298 -0.052827559411525726318 -0.12779226899147033691 -0.068300142884254455566 -0.12086326628923416138 -0.12086326628923416138 -0.13322505354881286621 -0.13682617247104644775 -0.14160057902336120605 0.10970553755760192871 0.0037038463633507490158 0.0037038463633507490158 -0.084400735795497894287 -0.044656515121459960938 0.15972343087196350098
-3.4028234663852885981e+38 -3.4028234663852885981e+38 -0.14252477884292602539 -0.139559134840965271 -0.13549381494522094727 -0.13549381494522094727 -0.12942117452621459961 -0.11842834949493408203 -0.086365237832069396973 0.010898185893893241882 0.010898185893893241882 -0.0018449779599905014038 -0.040957715362310409546 0.009301033802330493927 0.0010143980616703629494 0.05490752682089805603 0.05490752682089805603 0.068261168897151947021 0.092033453285694122314 0.082700520753860473633 -0.11140175163745880127 -0.12024908512830734253 -0.12024908512830734253 -0.12246144562959671021 -0.11980386078357696533 -0.12904016673564910889 -0.10515189170837402344 -0.13968177139759063721 -0.13968177139759063721 -0.14127530157566070557 -0.14675422012805938721 -0.15354767441749572754 -0.13899174332618713379 -0.14929470419883728027 -0.14929470419883728027 -0.16289567947387695313 -0.16275003552436828613 -0.11343839019536972046
-3.4028234663852885981e+38 -3.4028234663852885981e+38 -0.14023950695991516113 -0.13747400045394897461 -0.13747400045394897461 -0.13394859433174133301 -0.12940667569637298584 -0.12234428524971008301 -0.11061584204435348511 0.10607587546110153198 0.10607587546110153198 -0.058074709028005599976 -0.072881020605564117432 0.11610460281372070313 -0.075873687863349914551 -0.10266558080911636353 -0.10266558080911636353 -0.10880879312753677368 0.024711120873689651489 -0.11741807311773300171 -0.059393893927335739136 -0.12629714608192443848 -0.12629714608192443848 -0.12759895622730255127 -0.11957567930221557617 -0.075066812336444854736 -0.13781104981899261475 -0.13585653901100158691 -0.13585653901100158691 -0.1503406912088394165 -0.15629510581493377686 -0.14325997233390808105 -0.17418840527534484863 -0.18612904846668243408 -0.18612904846668243408 -0.18881972134113311768 -0.20322613418102264404 -0.21099592745304107666
-3.4028234663852885981e+38 -3.4028234663852885981e+38 -0.1353480219841003418 -0.13191828131675720215 -0.13191828131675720215 -0.12585166096687316895 -0.11694854497909545898 -0.10766921937465667725 -0.094467900693416595459 -0.11447120457887649536 -0.11447120457887649536 -0.10247012227773666382 -0.11339115351438522339 -0.12116344273090362549 -0.12239576131105422974 -0.12711694836616516113 -0.12711694836616516113 -0.12660364806652069092 -0.12801371514797210693 -0.13247823715209960938 -0.12147076427936553955 -0.13521040976047515869 -0.13521040976047515869 -0.1330414116382598877 -0.1276292949914932251 -0.14067335426807403564 -0.14151649177074432373 -0.14499172568321228027 -0.14499172568321228027 -0.15709057450294494629 -0.16217114031314849854 -0.12723845243453979492 -0.17775741219520568848 -0.19281898438930511475 -0.19281898438930511475 -0.15850874781608581543 -0.20763295888900756836 -0.21462920308113098145
-3.4028234663852885981e+38 -3.4028234663852885981e+38 -0.13248960673809051514 -0.1281865537166595459 -0.1281865537166595459 -0.11742915958166122437 -0.064863778650760650635 -0.10100188851356506348 -0.10268820822238922119 -0.082428671419620513916 -0.082428671419620513916 -0.10500925034284591675 -0.1090543791651725769 -0.10966657102108001709 -0.1274636685848236084 -0.15147681534290313721 -0.15147681534290313721 -0.13681185245513916016 -0.13679853081703186035 -0.13861970603466033936 -0.13606524467468261719 -0.1222070157527923584 -0.1222070157527923584 -0.13060531020164489746 -0.10763220489025115967 -0.14095602929592132568 -0.14129687845706939697 -0.090756691992282867432 -0.090756691992282867432 -0.15338280797004699707 -0.15516526997089385986 -0.16290798783302307129 -0.18125073611736297607 -0.18783387541770935059 -0.18783387541770935059 -0.21164953708648681641 -0.2395067065954208374 -0.21626999974250793457
-3.4028234663852885981e+38 -3.4028234663852885981e+38 -0.12896396219730377197 -0.12330166995525360107 -0.12330166995525360107 -0.11441688984632492065 -0.10042027384042739868 -0.10823002457618713379 -0.11097630113363265991 -0.10596861690282821655 -0.050920572131872177124 -0.113043174147605896 -0.10534712672233581543 -0.082705534994602203369 -0.11883316189050674438 -0.12703143060207366943 -0.12703143060207366943 -0.13678036630153656006 -0.1476784050464630127 -0.13203197717666625977 -0.13911369442939758301 -0.13529372215270996094 -0.13529372215270996094 -0.14407114684581756592 -0.14757932722568511963 -0.1416616588830947876 -0.13100241124629974365 -0.15868385136127471924 -0.15868385136127471924 -0.16761134564876556396 -0.098949268460273742676 -0.18347729742527008057 -0.19783543050289154053 -0.19783543050289154053 -0.20337849855422973633 -0.21363867819309234619 -0.22703012824058532715 -0.18275457620620727539
-3.4028234663852885981e+38 -3.4028234663852885981e+38 -0.11763601750135421753 -0.086159840226173400879 -0.086159840226173400879 -0.081054359674453735352 -0.10634604096412658691 -0.076106354594230651855 -0.090117238461971282959 -0.11157084256410598755 -0.11157084256410598755 -0.095305219292640686035 -0.1121928095817565918 -0.11813874542713165283 -0.10250043869018554688 -0.12565404176712036133 -0.12565404176712036133 -0.13549497723579406738 -0.13972327113151550293 -0.13859955966472625732 -0.14217557013034820557 -0.13167706131935119629 -0.13167706131935119629 -0.1366892009973526001 -0.14540493488311767578 -0.14418038725852966309 -0.13277100026607513428 -0.13277100026607513428 -0.15864004194736480713 -0.14917589724063873291 -0.1777792125940322876 -0.19028034806251525879 -0.2017841339111328125 -0.2017841339111328125 -0.2104561924934387207 -0.21026200056076049805 -0.20797969400882720947 -0.20194385945796966553
-3.4028234663852885981e+38 -3.4028234663852885981e+38 -0.10761335492134094238 -0.090241573750972747803 -0.090241573750972747803 -0.10056240856647491455 -0.099443830549716949463 -0.10422585159540176392 -0.1075102388858795166 -0.11140277981758117676 -0.11140277981758117676 -0.11694481968879699707 -0.12053998559713363647 -0.12242659181356430054 -0.10453753173351287842 -0.10453753173351287842 -0.11335284262895584106 -0.12778988480567932129 -0.12176441401243209839 -0.13130769133567810059 -0.14807792007923126221 -0.14807792007923126221 -0.14457361400127410889 -0.14593873918056488037 -0.1434711068868637085 -0.15156029164791107178 -0.16050609946250915527 -0.16050609946250915527 -0.17443200945854187012 -0.14229159057140350342 -0.18450076878070831299 -0.19729152321815490723 -0.20736165344715118408 -0.20736165344715118408 -0.21573527157306671143 -0.21592888236045837402 -0.21339207887649536133 -0.17699886858463287354
-3.4028234663852885981e+38 -3.4028234663852885981e+38 -0.024965848773717880249 -0.095548495650291442871 -0.095548495650291442871 -0.02363823913037776947 0.051173046231269836426 -0.064620397984981536865 -0.020048582926392555237 -0.020048582926392555237 0.077552199363708496094 -0.09449119865894317627 -0.11997619271278381348 -0.11142490804195404053 -0.12586276233196258545 -0.12586276233196258545 -0.12722107768058776855 -0.12174116075038909912 -0.12340366095304489136 -0.13549491763114929199 -0.1401049196720123291 -0.1401049196720123291 -0.14317809045314788818 -0.15944330394268035889 -0.15683110058307647705 -0.15252831578254699707 -0.17867732048034667969 -0.17867732048034667969 -0.190404549241065979 -0.18099993467330932617 -0.18709887564182281494 -0.19938464462757110596 -0.20435953140258789063 -0.20435953140258789063 -0.20109392702579498291 -0.20869265496730804443 -0.13744233548641204834 -0.17795459926128387451
-3.4028234663852885981e+38 -3.4028234663852885981e+38 -0.085819788277149200439 -0.085819788277149200439 -0.044930603355169296265 -0.089932963252067565918 -0.082101605832576751709 -0.057079270482063293457 -0.075378052890300750732 -0.075378052890300750732 -0.075962238013744354248 -0.091801397502422332764 -0.11605431884527206421 -0.12379245460033416748 -0.12775696814060211182 -0.12775696814060211182 -0.12749819457530975342 -0.11111006885766983032 -0.093381136655807495117 -0.1113559231162071228 -0.1344560086727142334 -0.1344560086727142334 -0.14779268205165863037 -0.16374120116233825684 -0.16133336722850799561 -0.16362504661083221436 -0.17469567060470581055 -0.17469567060470581055 -0.18179781734943389893 -0.17939631640911102295 -0.18486890196800231934 -0.20179104804992675781 -0.1869665980339050293 -0.1869665980339050293 -0.19461353123188018799 -0.15351501107215881348 -0.20248734951019287109 -0.16517752408981323242
-3.4028234663852885981e+38 -3.4028234663852885981e+38 0.0089075462892651557922 0.0089075462892651557922 0.060054808855056762695 -0.065366260707378387451 -0.029592201113700866699 0.061632927507162094116 -0.091017514467239379883 -0.091017514467239379883 -0.09689019620418548584 -0.060022488236427307129 -0.10801119357347488403 -0.12288414686918258667 -0.12856037914752960205 -0.12856037914752960205 -0.11920421570539474487 -0.12659046053886413574 -0.13046081364154815674 -0.12946110963821411133 -0.12316569685935974121 -0.12316569685935974121 -0.14411142468452453613 -0.15319965779781341553 -0.14875282347202301025 -0.16708299517631530762 -0.18198525905609130859 -0.18198525905609130859 -0.17257407307624816895 -0.17297185957431793213 -0.17633792757987976074 -0.1839208751916885376 -0.038882169872522354126 -0.038882169872522354126 -0.043277248740196228027 -0.1990718543529510498 -0.084509715437889099121 -0.049909930676221847534
-3.4028234663852885981e+38 -3.4028234663852885981e+38 -0.072657622396945953369 -0.072657622396945953369 -0.055265802890062332153 -0.004286212380975484848 -0.079784266650676727295 -0.067588396370410919189 -0.040827721357345581055 -0.040827721357345581055 -0.050320949405431747437 -0.025947973132133483887 -0.068669751286506652832 0.0078157251700758934021 0.070936918258666992188 0.070936918258666992188 -0.13606575131416320801 -0.13239991664886474609 -0.12961065769195556641 -0.13252569735050201416 -0.136991158127784729 -0.136991158127784729 -0.14132051169872283936 -0.14630708098411560059 -0.14830166101455688477 -0.15935504436492919922 -0.16463200747966766357 -0.16463200747966766357 -0.15770232677459716797 -0.16966393589973449707 -0.17331783473491668701 -0.1603631824254989624 -0.067960575222969055176 -0.067960575222969055176 -0.034216769039630889893 -0.10380824655294418335 0.038364812731742858887 0.04635618254542350769
-3.4028234663852885981e+38 -3.4028234663852885981e+38 -0.034305792301893234253 -0.034305792301893234253 0.074047967791557312012 0.091332823038101196289 -0.052396904677152633667 0.013927856460213661194 0.034347165375947952271 0.034347165375947952271 -0.067514114081859588623 -0.079374603927135467529 -0.06275688856840133667 -0.072831645607948303223 -0.062285918742418289185 -0.062285918742418289185 -0.12104997783899307251 -0.12502725422382354736 -0.11399507522583007813 -0.13716162741184234619 -0.13316623866558074951 -0.13316623866558074951 -0.13036483526229858398 -0.12240970879793167114 -0.1383609771728515625 -0.14716124534606933594 -0.14543358981609344482 -0.14543358981609344482 -0.12872457504272460938 -0.16375386714935302734 -0.1658999323844909668 -0.17231729626655578613 -0.17231729626655578613 -0.19280569255352020264 -0.094625443220138549805 -0.063061408698558807373 -0.14310854673385620117 -0.076625488698482513428
-3.4028234663852885981e+38 -3.4028234663852885981e+38 0.010087532922625541687 0.010087532922625541687 0.068130433559417724609 0.058759171515703201294 0.032674640417098999023 0.082582578063011169434 0.079091995954513549805 0.079091995954513549805 -0.038809936493635177612 0.068259149789810180664 0.020024152472615242004 -0.086165182292461395264 -0.11607036739587783813 -0.11607036739587783813 -0.12667262554168701172 -0.12696196138858795166 -0.12899121642112731934 -0.13590338826179504395 -0.11590306460857391357 -0.11590306460857391357 -0.13717132806777954102 -0.13647249341011047363 -0.12869574129581451416 -0.13062916696071624756 -0.13062916696071624756 -0.12416478991508483887 0.08192653954029083252 -0.045577101409435272217 -0.11032253503799438477 -0.078155353665351867676 -0.078155353665351867676 -0.077846065163612365723 -0.13138788938522338867 -0.039407465606927871704 -0.04125264286994934082 0.045891337096691131592
-3.4028234663852885981e+38 -3.4028234663852885981e+38 0.015240091830492019653 0.015240091830492019653 0.05908331647515296936 0.096076779067516326904 0.10013172775506973267 0.098419263958930969238 0.10301809757947921753 0.10301809757947921753 0.0088032986968755722046 -0.07198750227689743042 -0.057984083890914916992 -0.09113232046365737915 -0.09113232046365737915 -0.12187454849481582642 -0.13493448495864868164 -0.14537666738033294678 -0.097842253744602203369 -0.13464942574501037598 -0.13464942574501037598 -0.13893333077430725098 -0.11823505908250808716 -0.13083402812480926514 -0.087886251509189605713 -0.13057404756546020508 -0.13057404756546020508 -0.12120672315359115601 -0.080235250294208526611 -0.080356307327747344971 -0.092185907065868377686 0.15181204676628112793 0.15181204676628112793 -0.0048177898861467838287 -0.10481275618076324463 0.093177616596221923828 -0.023845717310905456543 -0.062834881246089935303
