v.asc
ncols        183
nrows        115
xllcorner    7.673561311000
yllcorner    52.313321253262
cellsize     0.000012170815
NODATA_value  -3.4028234663852885981e+38
[rows 34 to 50 of 115, columns 0 to 37 of 183]
-3.4028234663852885981e+38 -0.2055559009313583374 -0.20558574795722961426 -0.20559884607791900635 -0.20559884607791900635 -0.20559337735176086426 -0.20556740462779998779 -0.20551881194114685059 -0.20544536411762237549 -0.20534472167491912842 -0.20534472167491912842 -0.20521429181098937988 -0.2050513923168182373 -0.20485311746597290039 -0.20461639761924743652 -0.20433792471885681152 -0.20433792471885681152 -0.20401421189308166504 -0.20364148914813995361 -0.20321576297283172607 -0.20273266732692718506 -0.2021875530481338501 -0.2021875530481338501 -0.20157530903816223145 -0.20089034736156463623 -0.20012640953063964844 -0.19927652180194854736 -0.19833271205425262451 -0.19833271205425262451 -0.19728571176528930664 -0.1961246877908706665 -0.19483672082424163818 -0.19340619444847106934 -0.19181391596794128418 -0.19181391596794128418 -0.19003607332706451416 -0.18804253637790679932 -0.18579472601413726807
-3.4028234663852885981e+38 -0.20530453324317932129 -0.20533996820449829102 -0.20535832643508911133 -0.20535832643508911133 -0.20535765588283538818 -0.20533588528633117676 -0.20529079437255859375 -0.20521998405456542969 -0.20512092113494873047 -0.20512092113494873047 -0.20499083399772644043 -0.20482680201530456543 -0.20462569594383239746 -0.2043841630220413208 -0.20409864187240600586 -0.20409864187240600586 -0.20376527309417724609 -0.20337998867034912109 -0.2029383927583694458 -0.20243576169013977051 -0.20186696946620941162 -0.20186696946620941162 -0.20122644305229187012 -0.20050810277462005615 -0.1997051537036895752 -0.19880993664264678955 -0.19781377911567687988 -0.19781377911567687988 -0.19670657813549041748 -0.19547633826732635498 -0.19410879909992218018 -0.19258645176887512207 -0.19171029329299926758 -0.18989251554012298584 -0.18785054981708526611 -0.18554385006427764893 -0.18291808664798736572
-3.4028234663852885981e+38 -0.20504787564277648926 -0.20508950948715209961 -0.2051137387752532959 -0.2051137387752532959 -0.20511850714683532715 -0.2051016390323638916 -0.20506070554256439209 -0.20499318838119506836 -0.20467118918895721436 -0.20467118918895721436 -0.20454357564449310303 -0.20437887310981750488 -0.20417334139347076416 -0.20392304658889770508 -0.20362365245819091797 -0.20362365245819091797 -0.20327059924602508545 -0.20285886526107788086 -0.20238316059112548828 -0.20183771848678588867 -0.20183771848678588867 -0.20121629536151885986 -0.20051211118698120117 -0.19971778988838195801 -0.19882509112358093262 -0.19782483577728271484 -0.19782483577728271484 -0.19670653343200683594 -0.19545795023441314697 -0.19406457245349884033 -0.192508697509765625 -0.19076840579509735107 -0.19076840579509735107 -0.18881601095199584961 -0.18661586940288543701 -0.1841211169958114624 -0.18126800656318664551
-3.4028234663852885981e+38 -0.20451745390892028809 -0.20457355678081512451 -0.20461174845695495605 -0.20461174845695495605 -0.20462970435619354248 -0.20462492108345031738 -0.20459471642971038818 -0.20453611016273498535 -0.20444591343402862549 -0.20444591343402862549 -0.20432066917419433594 -0.20415666699409484863 -0.20394985377788543701 -0.20369584858417510986 -0.20369584858417510986 -0.20338994264602661133 -0.20302702486515045166 -0.20260161161422729492 -0.20210774242877960205 -0.20153898000717163086 -0.20153898000717163086 -0.20088838040828704834 -0.20014834403991699219 -0.1993106156587600708 -0.19836603105068206787 -0.19730436801910400391 -0.19730436801910400391 -0.19611401855945587158 -0.19478143751621246338 -0.19329045712947845459 -0.19162131845951080322 -0.18974919617176055908 -0.18974919617176055908 -0.18764236569404602051 -0.18525962531566619873 -0.18254639208316802979 -0.17942804098129272461
-3.4028234663852885981e+38 -0.20424297451972961426 -0.20430749654769897461 -0.20435389876365661621 -0.20435389876365661621 -0.20437976717948913574 -0.20438240468502044678 -0.20435893535614013672 -0.20430620014667510986 -0.20430620014667510986 -0.2042207568883895874 -0.20409888029098510742 -0.20393650233745574951 -0.20372921228408813477 -0.20347221195697784424 -0.20347221195697784424 -0.20316025614738464355 -0.20278772711753845215 -0.20234847068786621094 -0.20183582603931427002 -0.20124255120754241943 -0.20124255120754241943 -0.20056076347827911377 -0.19978190958499908447 -0.19889661669731140137 -0.19789454340934753418 -0.19676418602466583252 -0.19676418602466583252 -0.19483965635299682617 -0.19330203533172607422 -0.19157053530216217041 -0.18961992859840393066 -0.18741750717163085938 -0.18741750717163085938 -0.18491931259632110596 -0.18206495046615600586 -0.17877145111560821533 -0.17492604255676269531
-3.4028234663852885981e+38 -0.20396175980567932129 -0.20403555035591125488 -0.20403555035591125488 -0.20382298529148101807 -0.20386770367622375488 -0.20388843119144439697 -0.203881874680519104 -0.203844413161277771 -0.203844413161277771 -0.20377208292484283447 -0.20366053283214569092 -0.20350493490695953369 -0.20330004394054412842 -0.20304000377655029297 -0.20304000377655029297 -0.20271848142147064209 -0.20232841372489929199 -0.20186205208301544189 -0.20131085813045501709 -0.2006654590368270874 -0.2006654590368270874 -0.19991546869277954102 -0.19904948770999908447 -0.1980549246072769165 -0.19691789150238037109 -0.19562302529811859131 -0.19562302529811859131 -0.19415304064750671387 -0.19248831272125244141 -0.19060568511486053467 -0.18847660720348358154 -0.1860634535551071167 -0.1860634535551071167 -0.1833136826753616333 -0.18015047907829284668 -0.17646001279354095459 -0.17207673192024230957
-3.4028234663852885981e+38 -0.20337682962417602539 -0.20347204804420471191 -0.20347204804420471191 -0.20354904234409332275 -0.20360493659973144531 -0.20363654196262359619 -0.20364040136337280273 -0.20361264050006866455 -0.20361264050006866455 -0.20354901254177093506 -0.20344482362270355225 -0.20329482853412628174 -0.20309332013130187988 -0.20283384621143341064 -0.20283384621143341064 -0.20250938832759857178 -0.20211204886436462402 -0.2016331106424331665 -0.2010628432035446167 -0.20039041340351104736 -0.20039041340351104736 -0.19960379600524902344 -0.19868956506252288818 -0.19763274490833282471 -0.19641670584678649902 -0.1950229257345199585 -0.1950229257345199585 -0.19343069195747375488 -0.19161672890186309814 -0.1895541846752166748 -0.18721053004264831543 -0.18454334139823913574 -0.18454334139823913574 -0.1814915090799331665 -0.17795872688293457031 -0.1737842857837677002 -0.16869251430034637451
-3.4028234663852885981e+38 -0.20307175815105438232 -0.20317928493022918701 -0.20317928493022918701 -0.20326872169971466064 -0.2033370286226272583 -0.20338091254234313965 -0.20339667797088623047 -0.20338021218776702881 -0.20338021218776702881 -0.20332695543766021729 -0.20323185622692108154 -0.20308929681777954102 -0.20289298892021179199 -0.20263592898845672607 -0.20263592898845672607 -0.20231026411056518555 -0.20190721750259399414 -0.20141696929931640625 -0.20082838833332061768 -0.20012900233268737793 -0.20012900233268737793 -0.19930467009544372559 -0.19800475239753723145 -0.19680863618850708008 -0.1954091191291809082 -0.19377675652503967285 -0.19377675652503967285 -0.19187782704830169678 -0.18967399001121520996 -0.18712247908115386963 -0.18417598307132720947 -0.18078154325485229492 -0.18078154325485229492 -0.17687365412712097168 -0.17234960198402404785 -0.16699497401714324951 -0.16029946506023406982
-3.4028234663852885981e+38 -0.20243221521377563477 -0.2025677412748336792 -0.2025677412748336792 -0.20268583297729492188 -0.20278319716453552246 -0.20285621285438537598 -0.20290075242519378662 -0.20291222631931304932 -0.20291222631931304932 -0.20288550853729248047 -0.20281478762626647949 -0.20269355177879333496 -0.20251443982124328613 -0.20226909220218658447 -0.20226909220218658447 -0.20194804668426513672 -0.20154041051864624023 -0.20103377103805541992 -0.20041374862194061279 -0.19966369867324829102 -0.19966369867324829102 -0.19876416027545928955 -0.19769220054149627686 -0.19642075896263122559 -0.19491757452487945557 -0.193144187331199646 -0.193144187331199646 -0.19105479121208190918 -0.18859542906284332275 -0.18570408225059509277 -0.18231222033500671387 -0.18231222033500671387 -0.17834873497486114502 -0.17374567687511444092 -0.16843758523464202881 -0.16230347752571105957 -0.15487267076969146729
-3.4028234663852885981e+38 -0.20209562778472900391 -0.2022469639778137207 -0.2022469639778137207 -0.20238141715526580811 -0.20249556005001068115 -0.20258560776710510254 -0.20264726877212524414 -0.20267570018768310547 -0.20267570018768310547 -0.20266549289226531982 -0.20261044800281524658 -0.20250365138053894043 -0.20233714580535888672 -0.20210191607475280762 -0.20210191607475280762 -0.20178759098052978516 -0.20138220489025115967 -0.20087191462516784668 -0.20024047791957855225 -0.20024047791957855225 -0.19946882128715515137 -0.19853425025939941406 -0.19740948081016540527 -0.19606131315231323242 -0.19444894790649414063 -0.19444894790649414063 -0.19252163171768188477 -0.19021587073802947998 -0.18745233118534088135 -0.18413330614566802979 -0.180143013596534729 -0.180143013596534729 -0.17535395920276641846 -0.16964663565158843994 -0.16296578943729400635 -0.15545392036437988281 -0.14720419049263000488
-3.4028234663852885981e+38 -0.20174615085124969482 -0.20191456377506256104 -0.20191456377506256104 -0.20206677913665771484 -0.2021993100643157959 -0.20230817794799804688 -0.20238889753818511963 -0.2024364471435546875 -0.2024364471435546875 -0.20244507491588592529 -0.20240831375122070313 -0.20231877267360687256 -0.20216794312000274658 -0.20216794312000274658 -0.20194612443447113037 -0.20164209604263305664 -0.2012427598237991333 -0.20061783492565155029 -0.19997683167457580566 -0.19997683167457580566 -0.19917555153369903564 -0.19818420708179473877 -0.1969655454158782959 -0.19547198712825775146 -0.19364097714424133301 -0.19364097714424133301 -0.19138789176940917969 -0.18859428167343139648 -0.18508860468864440918 -0.18061536550521850586 -0.17478810250759124756 -0.17478810250759124756 -0.16703052818775177002 -0.15650077164173126221 -0.14168184995651245117 -0.11785288155078887939 -0.079100221395492553711
-3.4028234663852885981e+38 -0.20100252330303192139 -0.20100252330303192139 -0.20120894908905029297 -0.20140111446380615234 -0.20157532393932342529 -0.20172736048698425293 -0.20185239613056182861 -0.20185239613056182861 -0.20194499194622039795 -0.20199888944625854492 -0.20200696587562561035 -0.20196101069450378418 -0.20185157656669616699 -0.20185157656669616699 -0.20166763663291931152 -0.20139627158641815186 -0.20102228224277496338 -0.20052744448184967041 -0.19988986849784851074 -0.19988986849784851074 -0.19908273220062255859 -0.19807273149490356445 -0.19681762158870697021 -0.19526235759258270264 -0.19333288073539733887 -0.19333288073539733887 -0.19092540442943572998 -0.18788756430149078369 -0.18398341536521911621 -0.17882594466209411621 -0.17174451053142547607 -0.17174451053142547607 -0.16154663264751434326 -0.14626561105251312256 -0.1231868937611579895 -0.082719929516315460205 0.038767401129007339478
-3.4028234663852885981e+38 -0.20060487091541290283 -0.20060487091541290283 -0.20083224773406982422 -0.20104663074016571045 -0.20124420523643493652 -0.20142067968845367432 -0.20157104730606079102 -0.20157104730606079102 -0.20168967545032501221 -0.20177009701728820801 -0.20180487632751464844 -0.20178547501564025879 -0.20170196890830993652 -0.20170196890830993652 -0.20154275000095367432 -0.20129416882991790771 -0.20093999803066253662 -0.20046073198318481445 -0.19983263313770294189 -0.19983263313770294189 -0.19902648031711578369 -0.19800560176372528076 -0.19672305881977081299 -0.1951169818639755249 -0.19310273230075836182 -0.19310273230075836182 -0.1905590444803237915 -0.18730181455612182617 -0.18303148448467254639 -0.17721806466579437256 -0.16882134974002838135 -0.16882134974002838135 -0.15553435683250427246 -0.13191717863082885742 -0.090129747986793518066 0.061086434870958328247 0.06306206434965133667
-3.4028234663852885981e+38 -0.20018735527992248535 -0.20018735527992248535 -0.20043694972991943359 -0.2006750255823135376 -0.20089769363403320313 -0.20110049843788146973 -0.20127832889556884766 -0.20127832889556884766 -0.20142537355422973633 -0.20153491199016571045 -0.20159927010536193848 -0.20160953700542449951 -0.20140916109085083008 -0.20140916109085083008 -0.20131063461303710938 -0.2011200636625289917 -0.20081943273544311523 -0.20038673281669616699 -0.19979484379291534424 -0.19979484379291534424 -0.19900982081890106201 -0.19798856973648071289 -0.19667533040046691895 -0.19499626755714416504 -0.19285003840923309326 -0.19285003840923309326 -0.19009068608283996582 -0.18649443984031677246 -0.18168902397155761719 -0.1749881058931350708 -0.16498620808124542236 -0.16498620808124542236 -0.14855045080184936523 -0.11566250771284103394 -0.023600194603204727173 0.037149988114833831787 -0.033396553248167037964
-3.4028234663852885981e+38 -0.1992832571268081665 -0.1992832571268081665 -0.199581146240234375 -0.199871063232421875 -0.20014899969100952148 -0.20041023194789886475 -0.20064938068389892578 -0.20064938068389892578 -0.20086018741130828857 -0.20103555917739868164 -0.20116722583770751953 -0.20124568045139312744 -0.20125982165336608887 -0.20125982165336608887 -0.20119659602642059326 -0.20104038715362548828 -0.20077235996723175049 -0.20036929845809936523 -0.19980230927467346191 -0.19980230927467346191 -0.19903482496738433838 -0.19801992177963256836 -0.19669662415981292725 -0.19498397409915924072 -0.19277134537696838379 -0.19277134537696838379 -0.18990081548690795898 -0.18613311648368835449 -0.181079864501953125 -0.17403870820999145508 -0.16343893110752105713 -0.16343893110752105713 -0.14531227946281433105 -0.11829358339309692383 -0.038899496197700500488 -9.9664077879424439743e-07 -9.9664077879424439743e-07
-3.4028234663852885981e+38 -0.19879144430160522461 -0.19879144430160522461 -0.19911533594131469727 -0.19943338632583618164 -0.19974149763584136963 -0.20003481209278106689 -0.20030777156352996826 -0.20030777156352996826 -0.20055389404296875 -0.20076575875282287598 -0.20093484222888946533 -0.20105126500129699707 -0.2011035233736038208 -0.2011035233736038208 -0.2010781019926071167 -0.20095880329608917236 -0.20072595775127410889 -0.20035509765148162842 -0.19981539249420166016 -0.19981539249420166016 -0.19906707108020782471 -0.19805830717086791992 -0.19672061502933502197 -0.1949622035026550293 -0.1949622035026550293 -0.19265739619731903076 -0.18962663412094116211 -0.18559527397155761719 -0.18011328577995300293 -0.17245829105377197266 -0.16862002015113830566 -0.15482191741466522217 -0.1379191279411315918 -0.11376013606786727905 -0.13754621148109436035 -0.14158535003662109375 -0.14158535003662109375
-3.4028234663852885981e+38 -0.19826918840408325195 -0.19826918840408325195 -0.19862025976181030273 -0.1989679187536239624 -0.19930793344974517822 -0.19963529706001281738 -0.1999441683292388916 -0.19955550134181976318 -0.19987899065017700195 -0.20017074048519134521 -0.20042122900485992432 -0.20061954855918884277 -0.20075310766696929932 -0.20075310766696929932 -0.20080715417861938477 -0.20076419413089752197 -0.20060279965400695801 -0.20029583573341369629 -0.20029583573341369629 -0.19980774819850921631 -0.19909016788005828857 -0.1980753093957901001 -0.19666624069213867188 -0.19472230970859527588 -0.19472230970859527588 -0.19203668832778930664 -0.18830098211765289307 -0.18305265903472900391 -0.17541079223155975342 -0.16143022477626800537 -0.16143022477626800537 -0.11509103327989578247 -0.12727756798267364502 -0.10001155734062194824 -0.13839197158813476563 -0.14752210676670074463 -0.14752210676670074463
