v.asc
ncols        183
nrows        115
xllcorner    7.673561311000
yllcorner    52.313321253262
cellsize     0.000012170815
NODATA_value  -3.4028234663852885981e+38
[rows 85 to 101 of 115, columns 76 to 113 of 183]
-0.12230254709720611572 -0.14255836606025695801 0.031826470047235488892 0.031826470047235488892 0.11589277535676956177 0.14687842130661010742 0.076880820095539093018 0.058394074440002441406 0.10524181276559829712 0.10524181276559829712 0.09485982358455657959 0.14773727953433990479 0.2383200526237487793 0.09281078726053237915 0.10086288303136825562 0.10086288303136825562 0.2049722522497177124 0.13740222156047821045 0.12318477779626846313 0.1647167503833770752 0.085617534816265106201 0.085617534816265106201 0.028188025578856468201 0.077371187508106231689 0.12584184110164642334 -0.16467937827110290527 -0.21744494140148162842 -0.15939801931381225586 -0.18207167088985443115 0.042455781251192092896 -0.2750632166862487793 -0.26977488398551940918 -0.18675546348094940186 -0.18675546348094940186 -0.27376997470855712891 -0.27872875332832336426 -0.28633379936218261719 -0.28684800863265991211
-0.01501102931797504425 0.015693601220846176147 0.11622451990842819214 0.13748264312744140625 0.09857428818941116333 0.091874673962593078613 0.21794958412647247314 0.043818693608045578003 -0.01608506031334400177 -0.01608506031334400177 0.24213835597038269043 0.18765573203563690186 0.19289548695087432861 0.2414398193359375 0.21896576881408691406 0.21896576881408691406 0.17836117744445800781 0.18135029077529907227 0.1770734935998916626 0.13937754929065704346 0.14501297473907470703 0.14501297473907470703 0.1347967684268951416 0.12262395024299621582 0.11750750988721847534 0.076314456760883331299 -0.070299603044986724854 -0.070299603044986724854 -0.092350371181964874268 0.057413253933191299438 -0.21519815921783447266 -0.25533393025398254395 -0.26607757806777954102 -0.26607757806777954102 -0.26869446039199829102 -0.27401089668273925781 -0.29710745811462402344 -0.29955154657363891602
0.16464635729789733887 0.13566417992115020752 0.14039322733879089355 0.14039322733879089355 0.1154217943549156189 0.021436797454953193665 -0.13399180769920349121 0.0049174455925822257996 0.029070228338241577148 0.029070228338241577148 0.051892079412937164307 0.084481380879878997803 0.13794142007827758789 0.20900674164295196533 0.19835795462131500244 0.19835795462131500244 0.15602865815162658691 0.16049060225486755371 0.15721197426319122314 0.12614731490612030029 0.13462316989898681641 0.13462316989898681641 0.1597296595573425293 0.10656713694334030151 0.10165632516145706177 0.14550915360450744629 0.14550915360450744629 0.033171840012073516846 -0.086071975529193878174 -0.10888225585222244263 -0.22342690825462341309 -0.23743787407875061035 -0.23743787407875061035 -0.21818506717681884766 -0.26418283581733703613 -0.25907838344573974609 -0.2783482968807220459 -0.28776529431343078613
0.021499199792742729187 0.073673084378242492676 0.12046908587217330933 0.12046908587217330933 0.10434360802173614502 0.055347625166177749634 -0.19584575295448303223 0.055038720369338989258 0.068695805966854095459 0.068695805966854095459 -0.22044673562049865723 -0.022871801629662513733 0.18937399983406066895 0.2174854278564453125 0.20533466339111328125 0.20533466339111328125 0.202317848801612854 0.17168843746185302734 0.16475798189640045166 0.15938623249530792236 0.15938623249530792236 0.15027865767478942871 0.12123069167137145996 0.1513357311487197876 0.16195861995220184326 0.08478139340877532959 0.08478139340877532959 0.049059744924306869507 -0.017799340188503265381 -0.15500333905220031738 -0.1989609450101852417 -0.21119111776351928711 -0.21119111776351928711 -0.22585697472095489502 -0.23997886478900909424 -0.24428838491439819336 -0.24768050014972686768 -0.26566517353057861328
0.072611175477504730225 0.075823120772838592529 0.16808108985424041748 0.16808108985424041748 0.19057978689670562744 0.12718597054481506348 0.11826314777135848999 0.18433466553688049316 0.14452122151851654053 0.14452122151851654053 0.10506429523229598999 0.13398179411888122559 0.21944580972194671631 0.20910131931304931641 0.20910131931304931641 0.18501177430152893066 0.18071973323822021484 0.14611873030662536621 0.13780286908149719238 0.17229408025741577148 0.17229408025741577148 0.14689390361309051514 0.12349698692560195923 0.13314880430698394775 0.13212925195693969727 0.074583977460861206055 0.074583977460861206055 0.021253095939755439758 -0.15121898055076599121 -0.179475441575050354 -0.18805758655071258545 -0.20233175158500671387 -0.20233175158500671387 -0.21445383131504058838 -0.22425960004329681396 -0.23643377423286437988 -0.25294753909111022949 -0.26158222556114196777
0.14367128908634185791 0.097431369125843048096 0.097431369125843048096 0.093036092817783355713 0.13534000515937805176 0.11588378250598907471 0.14708992838859558105 0.19246645271778106689 0.19246645271778106689 0.16415207087993621826 0.14923396706581115723 0.16466411948204040527 0.19414909183979034424 0.17802482843399047852 0.17802482843399047852 0.16123904287815093994 0.16687069833278656006 0.16228747367858886719 0.16610027849674224854 0.14917317032814025879 0.14917317032814025879 0.13681188225746154785 0.094224721193313598633 0.1261358112096786499 0.12518961727619171143 0.13410685956478118896 0.13410685956478118896 0.10647169500589370728 0.12692697346210479736 -0.042153596878051757813 -0.11140450090169906616 -0.19322861731052398682 -0.19322861731052398682 -0.19467841088771820068 -0.18933513760566711426 -0.21398858726024627686 -0.24843230843544006348 -0.26276868581771850586
0.050236362963914871216 0.015130085870623588562 0.015130085870623588562 0.054305303841829299927 0.11259919404983520508 0.15273147821426391602 0.11573590338230133057 0.12297529727220535278 0.12297529727220535278 0.19214488565921783447 0.19876490533351898193 0.17948172986507415771 0.18910312652587890625 0.15505069494247436523 0.15505069494247436523 0.14885711669921875 0.16028727591037750244 0.14202758669853210449 0.14283931255340576172 0.13841237127780914307 0.13841237127780914307 0.13944937288761138916 0.14149521291255950928 0.1353763192892074585 0.13509009778499603271 0.13038371503353118896 0.13038371503353118896 0.10418219119310379028 0.12418769299983978271 0.065273858606815338135 0.12277025729417800903 0.15609101951122283936 0.15609101951122283936 -0.015525228343904018402 -0.10265976935625076294 -0.20441080629825592041 -0.23386019468307495117 -0.24623937904834747314
-0.05811839178204536438 -0.019696453586220741272 -0.019696453586220741272 0.11966935545206069946 0.023497819900512695313 0.054822608828544616699 0.054516326636075973511 0.1188376694917678833 0.1188376694917678833 0.13788579404354095459 0.12222962081432342529 0.062996037304401397705 -0.014329458586871623993 0.11181638389825820923 0.11181638389825820923 0.13054855167865753174 0.1540965735912322998 0.15772266685962677002 0.16971398890018463135 0.15333496034145355225 0.15333496034145355225 0.13102036714553833008 0.14110454916954040527 0.12937346100807189941 0.13801804184913635254 0.14283584058284759521 0.14283584058284759521 0.13695900142192840576 0.15363401174545288086 0.12754352390766143799 0.079980522394180297852 0.1247390061616897583 0.1247390061616897583 0.19261416792869567871 0.11114343255758285522 0.072622567415237426758 -0.19332377612590789795 -0.26018100976943969727
-0.093876115977764129639 -0.11782608181238174438 -0.11782608181238174438 -0.14385406672954559326 -0.10573153942823410034 -0.083875298500061035156 -0.051045201718807220459 0.0041200593113899230957 0.0041200593113899230957 0.050664611160755157471 0.097606904804706573486 0.062891468405723571777 -0.1311356276273727417 0.057725854218006134033 0.057725854218006134033 0.117571219801902771 0.1479717642068862915 0.15308494865894317627 0.15103089809417724609 0.14104896783828735352 0.14104896783828735352 0.13374345004558563232 0.12642039358615875244 0.13663730025291442871 0.1348037421703338623 0.14863951504230499268 0.14863951504230499268 0.15705421566963195801 0.1595173180103302002 0.14569893479347229004 0.10313577950000762939 0.12515906989574432373 0.12515906989574432373 0.079597778618335723877 -0.010825844481587409973 -0.059457127004861831665 -0.11785419285297393799 -0.11785419285297393799
-0.15203085541725158691 -0.15714366734027862549 -0.15714366734027862549 -0.15462531149387359619 -0.10909825563430786133 -0.15260046720504760742 -0.15889841318130493164 -0.11863649636507034302 -0.11863649636507034302 -0.087859377264976501465 -0.044958807528018951416 0.022486399859189987183 -0.045890584588050842285 0.038362797349691390991 0.038362797349691390991 0.10564593970775604248 0.12898895144462585449 0.12736229598522186279 0.13246499001979827881 0.13011677563190460205 0.13011677563190460205 0.13810506463050842285 0.15390038490295410156 0.11752004176378250122 0.16041909158229827881 0.16041909158229827881 0.17240291833877563477 0.177135467529296875 0.16600817441940307617 0.17169690132141113281 0.078714184463024139404 0.078714184463024139404 0.059800155460834503174 0.18015074729919433594 -0.14938764274120330811 -0.12330292165279388428 -0.22997011244297027588 -0.22997011244297027588
-0.15514273941516876221 -0.13627372682094573975 -0.13627372682094573975 -0.16837833821773529053 -0.16433659195899963379 -0.16922143101692199707 -0.17280593514442443848 -0.15931227803230285645 -0.15931227803230285645 -0.10477750003337860107 0.050437793135643005371 0.15843296051025390625 -0.078114770352840423584 0.017319492995738983154 0.017319492995738983154 0.11519645154476165771 0.13881719112396240234 0.13518577814102172852 0.12933789193630218506 0.12933789193630218506 0.15265358984470367432 0.16268114745616912842 0.12947760522365570068 0.17097894847393035889 0.15551167726516723633 0.15551167726516723633 0.18816083669662475586 0.24058581888675689697 0.17487142980098724365 0.16766084730625152588 0.030921306461095809937 0.030921306461095809937 -0.077561721205711364746 -0.019631708040833473206 -0.16896557807922363281 -0.22876441478729248047 -0.19894926249980926514 -0.19894926249980926514
-0.14866262674331665039 -0.16070157289505004883 -0.16070157289505004883 -0.16312527656555175781 -0.16965679824352264404 -0.15971536934375762939 -0.17318449914455413818 -0.17318449914455413818 -0.17800498008728027344 -0.14839902520179748535 -0.1656452566385269165 0.0087259477004408836365 0.065012820065021514893 0.065012820065021514893 0.14351846277713775635 0.14750182628631591797 0.11862768977880477905 0.14608147740364074707 0.10162919759750366211 0.10162919759750366211 0.11939076334238052368 0.16141557693481445313 0.17632606625556945801 0.23068200051784515381 0.18894791603088378906 0.18894791603088378906 0.19210550189018249512 0.13924896717071533203 0.058907520025968551636 0.12888912856578826904 -0.083417788147926330566 -0.083417788147926330566 -0.20124354958534240723 -0.24049037694931030273 -0.23448358476161956787 -0.25811102986335754395 -0.26537823677062988281 -0.26537823677062988281
-0.14999474585056304932 -0.14999474585056304932 -0.15472206473350524902 -0.16607536375522613525 -0.11838826537132263184 -0.16474430263042449951 -0.16174657642841339111 -0.16292473673820495605 -0.15670466423034667969 -0.12456054985523223877 -0.04089589044451713562 0.16889040172100067139 0.13141080737113952637 0.13141080737113952637 0.15866672992706298828 0.16010256111621856689 0.17039982974529266357 0.1699285656213760376 0.12530632317066192627 0.12530632317066192627 0.14435857534408569336 0.23670127987861633301 0.24559009075164794922 0.22946657240390777588 0.15357948839664459229 0.15357948839664459229 0.17206664383411407471 0.18093609809875488281 -0.11436077207326889038 -0.22766852378845214844 -0.21768331527709960938 -0.21768331527709960938 -0.22908280789852142334 -0.25363588333129882813 -0.25344946980476379395 -0.27021667361259460449 -0.27788814902305603027 -0.27788814902305603027
-0.13155849277973175049 -0.13155849277973175049 -0.16074316203594207764 -0.15756161510944366455 -0.16278122365474700928 -0.1636320650577545166 -0.15297853946685791016 -0.15297853946685791016 -0.15636005997657775879 -0.1531406790018081665 -0.13577660918235778809 -0.046912573277950286865 0.10205195844173431396 0.10205195844173431396 0.15581411123275756836 0.16987429559230804443 0.17328982055187225342 0.18629814684391021729 0.17615500092506408691 0.17615500092506408691 0.210531577467918396 0.21701973676681518555 0.1944809257984161377 0.23997326195240020752 0.20245112478733062744 0.20245112478733062744 0.21365153789520263672 -0.072317197918891906738 -0.18282727897167205811 -0.25222909450531005859 -0.25573530793190002441 -0.25573530793190002441 -0.25885719060897827148 -0.27632227540016174316 -0.27714270353317260742 -0.28102651238441467285 -0.29530236124992370605 -0.29530236124992370605
-0.099294327199459075928 -0.099294327199459075928 -0.15944372117519378662 -0.144317626953125 -0.16431194543838500977 -0.16035485267639160156 -0.14124692976474761963 -0.14124692976474761963 -0.14497922360897064209 -0.12576323747634887695 -0.040524370968341827393 0.14998240768909454346 0.15699617564678192139 0.15699617564678192139 0.14561036229133605957 0.15927644073963165283 0.16356213390827178955 0.20266285538673400879 0.19450987875461578369 0.19450987875461578369 0.21824081242084503174 0.16571845114231109619 0.13690915703773498535 0.17767617106437683105 0.11223545670509338379 0.10017658770084381104 -0.14427234232425689697 -0.20230162143707275391 -0.23663973808288574219 -0.25017273426055908203 -0.25694960355758666992 -0.25694960355758666992 -0.27750426530838012695 -0.27595800161361694336 -0.28223386406898498535 -0.28668525815010070801 -0.30091375112533569336 -0.30091375112533569336
-0.069477081298828125 -0.069477081298828125 -0.18097627162933349609 -0.16499702632427215576 -0.14770428836345672607 -0.15462285280227661133 -0.080082781612873077393 -0.080082781612873077393 0.022602776065468788147 0.069518074393272399902 0.1631342470645904541 0.16937752068042755127 0.17557820677757263184 0.17557820677757263184 0.17630839347839355469 0.20067456364631652832 0.17333792150020599365 0.17164278030395507813 0.1490643918514251709 0.1490643918514251709 0.15508408844470977783 0.13835057616233825684 0.044224128127098083496 0.086009711027145385742 -0.058748621493577957153 -0.058748621493577957153 -0.17790015041828155518 -0.14274775981903076172 -0.23313669860363006592 -0.24750724434852600098 -0.24750724434852600098 -0.2384910881519317627 -0.2724596858024597168 -0.26533150672912597656 -0.28440833091735839844 -0.30066576600074768066 -0.30066576600074768066 -0.30326029658317565918
-0.059181667864322662354 -0.059181667864322662354 -0.12202368676662445068 -0.096087157726287841797 -0.14231434464454650879 -0.13789542019367218018 0.078513637185096740723 0.078513637185096740723 0.14446158707141876221 0.17467066645622253418 0.15566049516201019287 0.19239535927772521973 0.20116060972213745117 0.20116060972213745117 0.2067934870719909668 0.190794333815574646 0.13373851776123046875 0.12813517451286315918 0.14232712984085083008 0.14232712984085083008 0.086640775203704833984 0.024214435368776321411 -0.024450644850730895996 -0.079590134322643280029 -0.079590134322643280029 -0.1313883364200592041 -0.18823961913585662842 -0.20406875014305114746 -0.22213156521320343018 -0.24030758440494537354 -0.24030758440494537354 -0.24558182060718536377 -0.2602787017822265625 -0.23397505283355712891 -0.26929593086242675781 -0.29923322796821594238 -0.29923322796821594238 -0.28301927447319030762
