v.asc
ncols        183
nrows        115
xllcorner    7.673561311000
yllcorner    52.313321253262
cellsize     0.000012170815
NODATA_value  -3.4028234663852885981e+38
[rows 51 to 67 of 115, columns 0 to 37 of 183]
-3.4028234663852885981e+38 -0.19711971282958984375 -0.19711971282958984375 -0.19752876460552215576 -0.19794015586376190186 -0.19834940135478973389 -0.19875103235244750977 -0.19875103235244750977 -0.19913853704929351807 -0.19950433075428009033 -0.19983947277069091797 -0.20013371109962463379 -0.20037527382373809814 -0.20037527382373809814 -0.20055058598518371582 -0.20064395666122436523 -0.2006368488073348999 -0.20050677657127380371 -0.2002251744270324707 -0.2002251744270324707 -0.19975392520427703857 -0.19903944432735443115 -0.19800268113613128662 -0.19652275741100311279 -0.19441084563732147217 -0.19441084563732147217 -0.19136521220207214355 -0.18687358498573303223 -0.18005767464637756348 -0.17014883458614349365 -0.15663325786590576172 -0.15663325786590576172 -0.13173590600490570068 -0.14191454648971557617 -0.15319618582725524902 -0.13832688331604003906 -0.1571124643087387085 -0.1571124643087387085
-3.4028234663852885981e+38 -3.4028234663852885981e+38 -0.19648481905460357666 -0.19692462682723999023 -0.19737029075622558594 -0.19781711697578430176 -0.1982593536376953125 -0.1982593536376953125 -0.19869005680084228516 -0.19910091161727905273 -0.19948211312294006348 -0.19982230663299560547 -0.20010836422443389893 -0.20010836422443389893 -0.20032525062561035156 -0.20045574009418487549 -0.20047973096370697021 -0.20037314295768737793 -0.2001056671142578125 -0.2001056671142578125 -0.19963660836219787598 -0.19890731573104858398 -0.19782665371894836426 -0.19624342024326324463 -0.1938972771167755127 -0.1938972771167755127 -0.18875677883625030518 -0.18164168298244476318 -0.16936403512954711914 -0.13093322515487670898 -0.10437729954719543457 -0.10437729954719543457 -0.14889912307262420654 -0.14302842319011688232 -0.12547697126865386963 -0.15683013200759887695 -0.19548420608043670654 -0.19548420608043670654
-3.4028234663852885981e+38 -3.4028234663852885981e+38 -0.19580398499965667725 -0.19557701051235198975 -0.1960964202880859375 -0.19662550091743469238 -0.19715780019760131836 -0.19715780019760131836 -0.19768512248992919922 -0.19819718599319458008 -0.19868144392967224121 -0.19912274181842803955 -0.19950313866138458252 -0.19950313866138458252 -0.1998017728328704834 -0.19999447464942932129 -0.2000535130500793457 -0.19994665682315826416 -0.19963498413562774658 -0.19963498413562774658 -0.19906786084175109863 -0.1981728672981262207 -0.19683648645877838135 -0.1948610842227935791 -0.19179193675518035889 -0.19179193675518035889 -0.18618696928024291992 -0.17441195249557495117 -0.15880355238914489746 -0.13268184661865234375 -0.13665820658206939697 -0.13665820658206939697 -0.17097008228302001953 -0.18011663854122161865 -0.1819114387035369873 -0.18991169333457946777 -0.20371626317501068115 -0.20371626317501068115
-3.4028234663852885981e+38 -3.4028234663852885981e+38 -0.19428366422653198242 -0.1948226243257522583 -0.19538176059722900391 -0.19595612585544586182 -0.19653899967670440674 -0.19653899967670440674 -0.19712145626544952393 -0.19769196212291717529 -0.19823598861694335938 -0.19873555004596710205 -0.19916868209838867188 -0.19916868209838867188 -0.19950909912586212158 -0.19972565770149230957 -0.19978183507919311523 -0.19963483512401580811 -0.1992330402135848999 -0.1992330402135848999 -0.19850958883762359619 -0.19736625254154205322 -0.19564166665077209473 -0.19308446347713470459 -0.18938933312892913818 -0.18938933312892913818 -0.18312959372997283936 -0.15887460112571716309 -0.065257444977760314941 -0.13329306244850158691 -0.14524589478969573975 -0.14524589478969573975 -0.17102794349193572998 -0.1920846104621887207 -0.19191837310791015625 -0.1844113469123840332 -0.18833765387535095215 -0.18833765387535095215
-3.4028234663852885981e+38 -3.4028234663852885981e+38 -0.1934318840503692627 -0.19400589168071746826 -0.19460670650005340576 -0.19522961974143981934 -0.19586768746376037598 -0.19586768746376037598 -0.19651134312152862549 -0.19714775681495666504 -0.19776012003421783447 -0.19832681119441986084 -0.19882059097290039063 -0.19882059097290039063 -0.1992073357105255127 -0.19944491982460021973 -0.19948166608810424805 -0.19925437867641448975 -0.19868440926074981689 -0.19868440926074981689 -0.19766759872436523438 -0.1939162909984588623 -0.18983152508735656738 -0.18189767003059387207 -0.154435768723487854 -0.154435768723487854 -0.034369301050901412964 -0.16991092264652252197 -0.11889954656362533569 -0.17922089993953704834 -0.18356756865978240967 -0.18356756865978240967 -0.1529283374547958374 -0.20553502440452575684 -0.20722669363021850586 -0.18124653398990631104 -0.18124653398990631104 -0.19824483990669250488
-3.4028234663852885981e+38 -3.4028234663852885981e+38 -0.19150713086128234863 -0.19215226173400878906 -0.19284181296825408936 -0.19357232749462127686 -0.19433756172657012939 -0.19433756172657012939 -0.19512757658958435059 -0.19592748582363128662 -0.19671595096588134766 -0.19746308028697967529 -0.19812741875648498535 -0.19812741875648498535 -0.19865138828754425049 -0.19895417988300323486 -0.19892017543315887451 -0.19838073849678039551 -0.19708429276943206787 -0.19708429276943206787 -0.19463901221752166748 -0.1903819739818572998 -0.1832256317138671875 -0.17180320620536804199 -0.17180320620536804199 -0.13940325379371643066 0.1376126408576965332 -0.11633364111185073853 -0.19156190752983093262 -0.06713997572660446167 -0.06713997572660446167 -0.17894732952117919922 -0.20370766520500183105 0.10111757367849349976 -0.18599531054496765137 -0.18520100414752960205 -0.18520100414752960205 -0.16715340316295623779
-3.4028234663852885981e+38 -3.4028234663852885981e+38 -0.19041529297828674316 -0.19109502434730529785 -0.19183054566383361816 -0.19261987507343292236 -0.19345803558826446533 -0.19345803558826446533 -0.19433587789535522461 -0.19523850083351135254 -0.19614323973655700684 -0.19701671600341796875 -0.19781029224395751953 -0.19781029224395751953 -0.1984526216983795166 -0.19883595407009124756 -0.19879072904586791992 -0.19803701341152191162 -0.19803701341152191162 -0.19609564542770385742 -0.19211727380752563477 -0.18433634936809539795 -0.16763137280941009521 -0.13398618996143341064 -0.13398618996143341064 -0.14678609371185302734 -0.17414888739585876465 -0.1789410710334777832 -0.19458740949630737305 -0.17632664740085601807 -0.17632664740085601807 -0.19408443570137023926 -0.2093079984188079834 -0.18055434525012969971 -0.21348114311695098877 -0.21425642073154449463 -0.21425642073154449463 -0.18978755176067352295
-3.4028234663852885981e+38 -3.4028234663852885981e+38 -0.18922212719917297363 -0.18993404507637023926 -0.19071511924266815186 -0.19156564772129058838 -0.19156564772129058838 -0.19248284399509429932 -0.19345940649509429932 -0.19448174536228179932 -0.19552731513977050781 -0.19656103849411010742 -0.19656103849411010742 -0.19752928614616394043 -0.19834928214550018311 -0.19888786971569061279 -0.19944110512733459473 -0.19856895506381988525 -0.19856895506381988525 -0.19496208429336547852 -0.1837329864501953125 -0.1535533219575881958 -0.10348436236381530762 0.013685131445527076721 0.013685131445527076721 -0.063271440565586090088 -0.18387368321418762207 -0.16689968109130859375 -0.18075917661190032959 -0.20999319851398468018 -0.20999319851398468018 -0.18029423058032989502 -0.18704725801944732666 -0.20747974514961242676 -0.15712183713912963867 -0.20722959935665130615 -0.20722959935665130615 -0.20758049190044403076
-3.4028234663852885981e+38 -3.4028234663852885981e+38 -0.18647676706314086914 -0.18723689019680023193 -0.18809898197650909424 -0.18907105922698974609 -0.18907105922698974609 -0.19015872478485107422 -0.1913633495569229126 -0.19267962872982025146 -0.19409234821796417236 -0.19557191431522369385 -0.19557191431522369385 -0.19706766307353973389 -0.19849647581577301025 -0.19971865415573120117 -0.20047380030155181885 -0.2001629173755645752 -0.2001629173755645752 -0.19683392345905303955 -0.18011660873889923096 -0.059144381433725357056 0.079916931688785552979 0.16282540559768676758 0.16282540559768676758 -0.12454500049352645874 -0.20696552097797393799 -0.20289534330368041992 -0.18323493003845214844 -0.19200059771537780762 -0.19200059771537780762 -0.18410508334636688232 -0.20643675327301025391 -0.21433660387992858887 -0.20490050315856933594 -0.2193183600902557373 -0.2193183600902557373 -0.2035245746374130249
-3.4028234663852885981e+38 -3.4028234663852885981e+38 -0.18489292263984680176 -0.18566243350505828857 -0.18655291199684143066 -0.18757832050323486328 -0.18757832050323486328 -0.18875107169151306152 -0.19008021056652069092 -0.19156855344772338867 -0.19320902228355407715 -0.19497986137866973877 -0.19497986137866973877 -0.19683818519115447998 -0.19871065020561218262 -0.20047754049301147461 -0.20193506777286529541 -0.2026853412389755249 -0.2026853412389755249 -0.20170439779758453369 -0.1936708986759185791 -0.11193317919969558716 0.010827617719769477844 -0.17443564534187316895 -0.17443564534187316895 -0.17060340940952301025 -0.19550624489784240723 -0.18454147875308990479 -0.20801278948783874512 -0.19441112875938415527 -0.19441112875938415527 -0.20977032184600830078 -0.11779374629259109497 -0.19813935458660125732 -0.21647396683692932129 -0.200347900390625 -0.200347900390625 -0.24169094860553741455
-3.4028234663852885981e+38 -3.4028234663852885981e+38 -0.18314476311206817627 -0.18390767276287078857 -0.18481148779392242432 -0.18587777018547058105 -0.18587777018547058105 -0.18712817132472991943 -0.18858233094215393066 -0.19025477766990661621 -0.19215050339698791504 -0.1933450847864151001 -0.1933450847864151001 -0.19613662362098693848 -0.19915345311164855957 -0.20224836468696594238 -0.20515231788158416748 -0.20727080106735229492 -0.20727080106735229492 -0.20448191463947296143 -0.12384174764156341553 -0.2010654062032699585 -0.21154238283634185791 -0.1751155555248260498 -0.1751155555248260498 -0.2143974006175994873 -0.19059292972087860107 -0.21365532279014587402 -0.21768704056739807129 -0.2225026935338973999 -0.2225026935338973999 -0.22867862880229949951 -0.22823414206504821777 -0.23762241005897521973 -0.24212431907653808594 -0.24063622951507568359 -0.24063622951507568359 -0.24871735274791717529
-3.4028234663852885981e+38 -3.4028234663852885981e+38 -0.17908054590225219727 -0.17975589632987976074 -0.18060936033725738525 -0.18168370425701141357 -0.18168370425701141357 -0.18302814662456512451 -0.18469676375389099121 -0.18674463033676147461 -0.18922129273414611816 -0.19215947389602661133 -0.19215947389602661133 -0.19555431604385375977 -0.19932106137275695801 -0.20320367813110351563 -0.20657107234001159668 -0.20851457118988037109 -0.20851457118988037109 -0.20972865819931030273 -0.20591300725936889648 -0.21550577878952026367 -0.22273626923561096191 -0.20980848371982574463 -0.20980848371982574463 -0.22606389224529266357 -0.22334659099578857422 -0.22806356847286224365 -0.23083829879760742188 -0.23083829879760742188 -0.22060684859752655029 -0.26369559764862060547 -0.23321382701396942139 -0.24425171315670013428 -0.24157582223415374756 -0.24157582223415374756 -0.24257580935955047607 -0.23974211513996124268
-3.4028234663852885981e+38 -3.4028234663852885981e+38 -0.1767285764217376709 -0.17730593681335449219 -0.17807386815547943115 -0.17908874154090881348 -0.17908874154090881348 -0.18041948974132537842 -0.18214689195156097412 -0.184360504150390625 -0.18715181946754455566 -0.1906016916036605835 -0.1906016916036605835 -0.19475336372852325439 -0.19953510165214538574 -0.20451757311820983887 -0.20787951350212097168 -0.19742426276206970215 -0.19742426276206970215 -0.20384530723094940186 -0.17979550361633300781 -0.22819450497627258301 -0.24050220847129821777 -0.24050220847129821777 -0.23499330878257751465 -0.23996393382549285889 -0.24009539186954498291 -0.23991523683071136475 -0.25864270329475402832 -0.25864270329475402832 -0.22108429670333862305 -0.22194238007068634033 -0.20589716732501983643 -0.19917686283588409424 -0.19054345786571502686 -0.19054345786571502686 -0.18820753693580627441 -0.16432915627956390381
-3.4028234663852885981e+38 -3.4028234663852885981e+38 -0.17414385080337524414 -0.17457321286201477051 -0.17519590258598327637 -0.17608353495597839355 -0.17260313034057617188 -0.17365604639053344727 -0.17525869607925415039 -0.17762140929698944092 -0.18100400269031524658 -0.18100400269031524658 -0.18571066856384277344 -0.19211629033088684082 -0.2009763866662979126 -0.21411356329917907715 -0.2252559363842010498 -0.2252559363842010498 -0.23358893394470214844 -0.23291057348251342773 -0.23577155172824859619 -0.23450949788093566895 -0.24068087339401245117 -0.24068087339401245117 -0.24740907549858093262 -0.23999717831611633301 -0.24381361901760101318 -0.24710835516452789307 -0.23442092537879943848 -0.23442092537879943848 -0.20436139404773712158 -0.20215463638305664063 -0.19416838884353637695 -0.18348461389541625977 -0.17821292579174041748 -0.17821292579174041748 -0.12402094155550003052 -0.1437228471040725708
-3.4028234663852885981e+38 -3.4028234663852885981e+38 -0.16825734078884124756 -0.16819240152835845947 -0.168267861008644104 -0.168267861008644104 -0.16858178377151489258 -0.16928358376026153564 -0.17059186100959777832 -0.17281658947467803955 -0.17638643085956573486 -0.17638643085956573486 -0.18186007440090179443 -0.18984746932983398438 -0.20136015117168426514 -0.22521893680095672607 -0.26040273904800415039 -0.26040273904800415039 -0.23204587399959564209 -0.24869513511657714844 -0.24651958048343658447 -0.23214767873287200928 -0.23629783093929290771 -0.23629783093929290771 -0.23786254227161407471 -0.21691365540027618408 -0.19417618215084075928 -0.200655326247215271 -0.16781051456928253174 -0.16781051456928253174 -0.16876688599586486816 -0.17586059868335723877 -0.18037779629230499268 -0.17887978255748748779 -0.14504382014274597168 -0.14504382014274597168 -0.18509791791439056396 -0.16533039510250091553
-3.4028234663852885981e+38 -3.4028234663852885981e+38 -0.1649777144193649292 -0.16454410552978515625 -0.16417232155799865723 -0.16417232155799865723 -0.16396081447601318359 -0.16408099234104156494 -0.16481144726276397705 -0.1665881425142288208 -0.1701078265905380249 -0.1701078265905380249 -0.1765587925910949707 -0.18772758543491363525 -0.2027416527271270752 -0.22160016000270843506 -0.22891059517860412598 -0.22891059517860412598 -0.21798156201839447021 -0.23933838307857513428 -0.22960779070854187012 -0.18249124288558959961 -0.19898556172847747803 -0.19898556172847747803 -0.19822078943252563477 -0.16710744798183441162 -0.16304071247577667236 -0.1644439399242401123 -0.16103711724281311035 -0.16103711724281311035 -0.15203803777694702148 -0.1838137507438659668 -0.1670990288257598877 -0.1146356239914894104 -0.19042801856994628906 -0.19042801856994628906 -0.20336669683456420898 -0.1845048367977142334
-3.4028234663852885981e+38 -3.4028234663852885981e+38 -0.15795962512493133545 -0.15653301775455474854 -0.15482182800769805908 -0.15482182800769805908 -0.15282136201858520508 -0.15064102411270141602 -0.14863036572933197021 -0.14748381078243255615 -0.14826881885528564453 -0.14826881885528564453 -0.15319737792015075684 -0.16927316784858703613 -0.20806217193603515625 -0.187587738037109375 -0.1860850602388381958 -0.1860850602388381958 -0.19216831028461456299 -0.18329511582851409912 -0.18366874754428863525 -0.17727637290954589844 -0.16466499865055084229 -0.16466499865055084229 -0.16147926449775695801 -0.15777604281902313232 -0.10316441208124160767 -0.063635371625423431396 0.01248436514288187027 0.01248436514288187027 -0.055640883743762969971 -0.14120569825172424316 -0.18960629403591156006 -0.19892437756061553955 -0.19566537439823150635 -0.19566537439823150635 -0.10374277830123901367 -0.22084403038024902344
